1.440000000000001634e+01
1.535000000000001741e+01
1.365000000000001457e+01
1.370000000000001172e+01
1.380000000000002025e+01
1.550000000000001599e+01
1.420000000000001172e+01
1.310000000000001208e+01
1.375000000000001599e+01
1.375000000000001776e+01
1.285000000000001208e+01
1.510000000000001386e+01
1.595000000000002061e+01
1.365000000000001279e+01
1.345000000000001528e+01
1.345000000000001528e+01
1.520000000000001172e+01
1.440000000000001634e+01
9.950000000000004619e+00
1.190000000000001457e+01
1.400000000000001066e+01
1.340000000000001457e+01
9.850000000000010303e+00
1.045000000000000817e+01
5.600000000000003197e+00
1.020000000000000462e+01
1.050000000000001243e+01
6.900000000000006573e+00
8.950000000000002842e+00
1.240000000000001279e+01
6.450000000000002842e+00
7.450000000000004619e+00
7.100000000000004974e+00
7.700000000000004619e+00
7.150000000000003020e+00
7.150000000000000355e+00
6.700000000000001954e+00
6.300000000000006040e+00
5.850000000000003197e+00
5.550000000000002487e+00
1.630000000000001492e+01
7.550000000000005151e+00
8.550000000000007816e+00
7.450000000000003730e+00
7.650000000000005684e+00
8.900000000000005684e+00
9.500000000000008882e+00
7.150000000000005684e+00
8.250000000000005329e+00
7.800000000000005151e+00
7.500000000000007105e+00
6.750000000000004441e+00
8.100000000000006750e+00
8.450000000000004619e+00
8.450000000000006395e+00
7.600000000000005862e+00
7.400000000000002132e+00
6.400000000000003908e+00
6.300000000000002487e+00
7.150000000000003908e+00
7.050000000000002487e+00
7.650000000000003020e+00
7.400000000000005684e+00
7.150000000000003020e+00
6.150000000000005684e+00
7.950000000000003730e+00
7.400000000000006573e+00
6.450000000000003730e+00
8.900000000000005684e+00
6.900000000000007461e+00
6.400000000000003908e+00
7.150000000000003020e+00
7.700000000000003730e+00
6.350000000000003197e+00
9.300000000000007816e+00
6.950000000000001954e+00
6.600000000000004974e+00
7.250000000000003553e+00
7.700000000000002842e+00
7.450000000000006395e+00
8.600000000000006750e+00
8.850000000000008527e+00
6.650000000000003020e+00
7.150000000000003908e+00
6.650000000000003908e+00
6.900000000000005684e+00
1.195000000000000639e+01
7.150000000000005684e+00
7.950000000000005507e+00
7.500000000000005329e+00
6.950000000000004619e+00
7.150000000000005684e+00
7.500000000000007994e+00
7.200000000000003730e+00
7.350000000000007638e+00
7.900000000000002132e+00
7.100000000000002309e+00
1.490000000000001279e+01
7.950000000000004619e+00
7.349999999999998757e+00
7.450000000000004619e+00
7.250000000000002665e+00
7.400000000000003908e+00
9.300000000000006040e+00
7.650000000000003908e+00
7.700000000000002842e+00
7.200000000000001954e+00
8.950000000000006395e+00
7.700000000000002842e+00
9.800000000000004263e+00
8.950000000000008171e+00
1.270000000000001172e+01
8.250000000000003553e+00
8.150000000000003908e+00
8.950000000000004619e+00
9.050000000000006040e+00
1.450000000000001776e+01
4.750000000000002665e+00
1.365000000000001279e+01
1.035000000000001030e+01
7.450000000000001066e+00
9.100000000000004974e+00
8.700000000000002842e+00
8.050000000000007816e+00
7.650000000000002132e+00
8.400000000000003908e+00
9.950000000000004619e+00
8.900000000000007461e+00
8.150000000000003908e+00
8.950000000000006395e+00
8.750000000000005329e+00
1.265000000000001279e+01
9.050000000000007816e+00
7.750000000000001776e+00
8.050000000000006040e+00
8.150000000000005684e+00
8.750000000000005329e+00
9.750000000000007105e+00
9.200000000000004619e+00
7.650000000000007461e+00
8.550000000000006040e+00
9.200000000000006395e+00
8.050000000000002487e+00
8.700000000000004619e+00
8.250000000000003553e+00
1.020000000000000284e+01
8.100000000000006750e+00
9.000000000000005329e+00
8.000000000000005329e+00
8.550000000000006040e+00
1.595000000000001528e+01
9.000000000000008882e+00
8.700000000000002842e+00
8.800000000000004263e+00
1.285000000000000675e+01
8.500000000000005329e+00
1.275000000000000711e+01
1.809999999999998366e+01
9.150000000000002132e+00
8.300000000000007816e+00
9.750000000000003553e+00
8.350000000000003197e+00
8.450000000000002842e+00
8.200000000000002842e+00
1.000000000000000355e+01
8.500000000000007105e+00
8.050000000000004263e+00
1.080000000000000426e+01
6.800000000000001599e+00
8.700000000000004619e+00
8.300000000000002487e+00
8.950000000000004619e+00
8.500000000000008882e+00
8.050000000000004263e+00
9.650000000000003908e+00
9.000000000000003553e+00
8.100000000000003197e+00
9.000000000000007105e+00
9.250000000000003553e+00
9.300000000000004263e+00
8.550000000000004263e+00
8.700000000000008171e+00
9.250000000000001776e+00
7.800000000000003375e+00
8.350000000000004974e+00
8.850000000000004974e+00
7.150000000000004796e+00
7.950000000000004619e+00
9.950000000000004619e+00
8.750000000000001776e+00
8.600000000000004974e+00
8.500000000000005329e+00
6.350000000000006750e+00
6.900000000000004796e+00
1.909999999999999787e+01
6.050000000000005151e+00
6.800000000000006040e+00
6.450000000000006395e+00
7.200000000000005507e+00
6.250000000000006217e+00
