3.845000000000006679e+01
1.400000000000002309e+01
2.929999999999996874e+01
3.184999999999987352e+01
1.864999999999999503e+01
1.505000000000003091e+01
2.449999999999999289e+01
3.275000000000005684e+01
3.554999999999998295e+01
3.229999999999992610e+01
2.304999999999996874e+01
2.664999999999993818e+01
3.329999999999994031e+01
3.219999999999996021e+01
3.044999999999995310e+01
1.500000000000002132e+01
2.480000000000000782e+01
2.659999999999994102e+01
3.344999999999994600e+01
3.394999999999991758e+01
3.389999999999998437e+01
3.760000000000013642e+01
2.574999999999991473e+01
2.919999999999991758e+01
1.300000000000003020e+01
1.635000000000001563e+01
2.294999999999998153e+01
1.550000000000001954e+01
3.119999999999998153e+01
1.844999999999994955e+01
3.700000000000004263e+01
3.425000000000003553e+01
2.034999999999999432e+01
3.304999999999990479e+01
2.409999999999997655e+01
1.265000000000002345e+01
3.530000000000004690e+01
1.575000000000003020e+01
2.879999999999991900e+01
3.610000000000002984e+01
