progress:   0%|                                                                                                                                         | 0/10 [00:00<?, ?it/s]trajectory_list [[10], [10], [10], [10]]
target_list []

  result = _VF.gru(input, hx, self._flat_weights, self.bias, self.num_layers,
trajectory_list [[10, 27, 49, 50, 49], [10, 18, 70, 60, 61], [10, 12, 15, 15], [10, 9, 10, 12, 16]]
target_list [69, 69, 61, 60]
trajectory_list [[10, 11, 28, 28], [10, 18, 70, 60, 61, 60, 61, 60], [10, 12, 16, 17, 16, 12, 10, 18, 10, 18, 26, 25, 26, 26], [10, 11, 28, 29, 29, 29, 28, 29, 34, 35, 49, 58, 62, 67, 68, 69, 69, 69, 69, 69, 69, 69, 69]]
target_list [59, 58, 58, 49, 49, 58, 62, 58, 58, 59, 59, 58, 59, 61, 68, 68, 67, 67, 67, 68, 68, 69]
trajectory_list [[10, 11, 28], [10, 18, 70], [10, 12, 16], [10, 11, 28]]
target_list [60, 70]
progress:  40%|███████████████████████████████████████████████████▌                                                                             | 4/10 [00:00<00:00, 16.25it/s]trajectory_list [[10, 11, 28, 28, 28, 28, 28, 28], [10, 18, 70, 60], [10, 27, 27, 49, 35, 34, 35, 34, 29, 28, 28, 28, 28, 28], [10, 11, 28, 29, 29, 29, 34, 35, 49, 58, 62, 67, 62, 62, 62, 62, 62, 62, 62, 62, 62, 62, 62, 62, 62, 62, 62, 62, 62, 62, 62, 62, 62, 62, 62, 62, 62, 62, 62, 67, 68, 69, 69, 69, 69, 69, 69, 69, 69, 69, 69, 69, 69, 69, 69, 69, 69, 69, 69, 69, 69, 69, 61, 68, 69, 69, 69, 69, 69, 69, 69, 69, 69, 69, 69, 69, 69, 69, 69, 69, 69, 69, 68, 69, 69, 69, 69, 69, 69, 69, 69, 69, 69, 61, 68, 69, 69, 69, 69, 69, 69, 69, 69, 69, 69, 69, 68, 69, 69, 69, 69, 69, 69, 69, 69, 69, 69, 69, 69, 69, 69, 69, 69, 69, 69, 69, 69, 69, 69, 69, 69, 69, 69, 69, 69, 69, 69, 69, 69, 69, 69]]
target_list [68, 69, 68, 68, 69, 69, 69, 68, 69, 69, 69, 61, 59, 58, 49, 27, 27, 10, 27, 27, 49, 50, 48, 47, 46, 46, 46, 46, 46, 45, 45, 44, 43, 44, 43, 40, 39, 41, 41, 39, 41, 41, 39, 36, 36, 35, 35, 36, 35, 34, 29, 28, 29, 29, 28, 11, 10, 13, 17, 13, 10, 18, 10, 11, 28, 11, 11, 11, 11, 10, 20, 19, 20, 19, 20, 20, 24, 24, 20, 10, 19, 10, 10, 11, 28, 29, 29, 34, 35, 36, 35, 49, 35, 40, 40, 35, 34, 29, 34, 35, 49, 50, 52, 50, 50, 49, 50, 52, 52, 52, 56, 56, 56, 52, 53, 54, 53, 54, 53, 52, 56, 56, 53, 56, 53, 54, 54, 53, 53, 52, 56, 52, 53, 53, 53, 55, 55, 54, 53, 54]
trajectory_list [[10, 18, 26, 25, 26, 25, 26, 25], [10, 18, 26, 26, 19, 18, 19, 18, 70], [10, 12, 16, 17, 16, 12, 10, 18, 18], [10, 9, 1, 5]]
target_list [60, 59, 59, 59, 61, 59, 60, 70]
progress:  60%|█████████████████████████████████████████████████████████████████████████████▍                                                   | 6/10 [00:00<00:00, 13.99it/s]trajectory_list [[10, 20, 21, 21, 21, 21, 21, 21], [10, 18, 70, 18], [10, 12, 16, 17, 16, 12, 10, 18, 18, 10, 12, 16, 16, 16, 16, 17, 13, 10, 27, 10, 9, 1, 5, 1, 2, 1, 2, 1, 9, 1, 2, 1, 9, 10, 9, 1, 9, 1, 5, 1, 7, 6, 6, 6, 6, 6, 6, 6, 6, 6, 6, 6, 7, 1, 5, 5, 1, 9, 10, 12, 10, 9, 1, 2, 1, 5, 1, 7, 6, 6, 6, 6, 6, 6, 7, 6, 6, 6, 6, 6, 6, 6, 6, 6, 6, 6, 6, 6, 6, 6, 6, 6, 6, 6, 6, 6, 6, 7, 7, 6, 6, 6, 6, 6, 6, 6, 6, 6, 7, 6, 6, 6, 6, 6, 6, 6, 6, 6, 6, 6, 6, 7, 6, 6, 6, 6, 6, 6, 6, 6, 6, 6, 6, 6, 6, 6, 6, 6, 6, 6, 6], [10, 11, 28, 29, 29, 29, 34, 35, 49, 58, 62, 58, 57, 57]]
target_list [59, 58, 59, 61, 69, 61, 59, 60, 59, 59, 61, 61, 68, 69, 69, 61, 68, 61, 59, 61, 61, 69, 69, 68, 69, 68, 61, 68, 61, 60, 59, 59, 59, 61, 60, 60, 61, 59, 59, 59, 60, 70, 18, 26, 19, 25, 24, 24, 20, 24, 24, 24, 20, 21, 22, 23, 23, 23, 22, 21, 20, 19, 18, 70, 18, 70, 70, 60, 60, 70, 18, 19, 26, 25, 19, 19, 25, 26, 26, 18, 26, 25, 19, 20, 24, 20, 20, 19, 19, 20, 20, 19, 19, 25, 26, 26, 18, 19, 20, 20, 24, 25, 24, 24, 20, 19, 25, 25, 19, 19, 20, 24, 24, 25, 19, 20, 24, 23, 22, 23, 23, 24, 24, 20, 10, 9, 1, 7, 1, 1, 5, 1, 2, 1, 2, 4, 2, 2, 1, 5]
trajectory_list [[10, 11, 28], [10, 18, 70], [10, 12, 16], [10, 11, 28]]
target_list [60, 70]
trajectory_list [[10, 11, 28, 28], [10, 18, 70, 60], [10, 12, 16, 17], [10, 11, 28, 29]]
target_list [68, 61, 60]
trajectory_list [[10, 11, 10, 12, 16], [10, 18, 70, 60, 61], [10, 12, 16, 17, 16], [10, 11, 28, 29]]
target_list [68, 69, 69, 61]
progress: 100%|████████████████████████████████████████████████████████████████████████████████████████████████████████████████████████████████| 10/10 [00:00<00:00, 21.44it/s]
[4, 22, 2, 140, 8, 140, 2, 3, 4, 24] 34.9
progress:   0%|                                                                                                                                         | 0/10 [00:00<?, ?it/s]trajectory_list [[10, 11, 28, 28, 28, 28, 28, 28], [10, 18, 19, 25], [10, 12, 16, 17, 16, 12, 16, 12, 10, 18, 26, 25, 26, 26], [10, 11, 28, 29, 29, 29, 28, 29, 34, 35, 49, 58, 62, 62, 67, 68, 69, 69, 69, 69, 69, 69, 69, 69, 69]]
target_list [68, 68, 69, 68, 68, 67, 66, 66, 66, 63, 66, 66, 67, 66, 67, 66, 67, 67, 62, 58, 59, 60, 61, 69]
trajectory_list [[10, 11, 28, 28, 28], [10, 18, 70, 60, 61], [10, 12, 16, 17], [10, 11, 28, 29, 29]]
target_list [60, 59, 61, 60]
trajectory_list [[10, 11, 28, 28], [10, 18, 70, 60, 61], [10, 12, 16, 17, 16], [10, 11, 28, 29, 29]]
target_list [68, 69, 61, 61]
progress:  30%|██████████████████████████████████████▋                                                                                          | 3/10 [00:00<00:00, 17.29it/s]trajectory_list [[10, 11, 28, 28, 28, 28, 28, 28], [10, 9, 9, 9], [10, 12, 16, 17, 16, 12, 10, 18, 19, 26, 25, 26, 25, 25], [10, 11, 28, 29, 29, 29, 34, 35, 34, 35, 34, 34, 34, 34, 34, 34, 34, 34, 34, 34, 34, 29, 29, 29, 29, 34, 34, 34, 34, 34, 34, 34, 34, 34, 34, 34, 34, 34, 34, 34, 35, 40, 43, 47, 48, 48, 48, 50, 52, 56, 64, 63, 66, 66, 66, 66, 66, 66, 66, 66, 66, 66, 66, 65, 65, 65, 65, 64, 65, 65, 65, 66, 66, 66, 66, 66, 66, 66, 66, 66, 66, 66, 63, 66, 66, 66, 66, 66, 66, 66, 66, 66, 66, 67, 68, 69, 69, 69, 69, 69, 69, 69, 69, 69, 69, 69, 69, 69, 69, 69, 69, 69, 69, 69, 69, 69, 69, 69, 69, 69, 69, 69, 69, 68, 69, 69, 69, 69, 69, 69, 69, 69, 69, 69, 69, 69, 69, 69, 61, 68, 69]]
target_list [60, 61, 69, 68, 61, 68, 67, 62, 67, 62, 58, 49, 27, 27, 49, 27, 10, 9, 1, 2, 3, 2, 3, 2, 4, 2, 3, 3, 2, 2, 2, 2, 4, 4, 2, 3, 2, 1, 7, 8, 8, 7, 7, 6, 7, 8, 7, 7, 1, 5, 5, 1, 5, 1, 2, 1, 5, 5, 5, 5, 5, 1, 2, 3, 2, 4, 2, 1, 1, 2, 1, 9, 10, 9, 1, 5, 5, 1, 1, 1, 5, 1, 9, 9, 1, 7, 1, 2, 2, 1, 5, 1, 1, 2, 3, 2, 4, 4, 2, 3, 3, 2, 4, 2, 3, 3, 3, 3, 3, 2, 4, 2, 4, 4, 4, 2, 4, 2, 1, 5, 1, 5, 1, 2, 4, 4, 4, 4, 2, 4, 2, 1, 9, 9, 10, 27, 49, 27, 10, 20]
trajectory_list [[10, 11, 14, 14, 14, 14, 14, 14], [10, 11, 11, 11], [10, 12, 16, 17, 16, 12, 10, 18, 18, 18, 10, 12, 16, 16], [10, 11, 28, 29, 29, 29, 34, 35, 49, 58, 62, 67, 68, 68, 69, 69, 69, 69, 69, 69, 69, 69, 69, 69, 69, 69, 69, 69, 69, 69, 69, 69, 69, 69, 69, 61, 68, 69, 68, 69, 69, 69, 69, 69, 69, 69, 69, 69, 69, 61, 68, 69, 69, 69, 69, 69, 69, 69, 69, 69]]
target_list [60, 60, 70, 60, 59, 60, 70, 60, 70, 18, 19, 18, 19, 26, 18, 18, 10, 27, 49, 27, 49, 27, 49, 49, 50, 52, 52, 53, 52, 50, 52, 56, 52, 52, 50, 49, 58, 62, 58, 62, 58, 58, 57, 57, 63, 63, 66, 66, 63, 57, 63, 64, 65, 66, 65, 66, 67, 68, 69]
trajectory_list [[10, 11, 28, 28, 28, 28, 28], [10, 18, 70, 60, 61, 60, 61], [10, 12, 16, 17, 16, 12, 10], [10, 11, 28, 29]]
target_list [59, 58, 58, 59, 61, 60]
trajectory_list [[10, 11, 28, 28], [10, 18, 70, 60, 61, 60, 61, 60, 61, 60, 61, 68, 69, 69, 69, 69], [10, 12, 16, 16, 17, 13, 10, 18, 18, 18, 26, 25, 26, 26], [10, 11, 28, 29, 29, 29, 29, 34]]
target_list [68, 61, 59, 58, 57, 58, 62, 58, 58, 57, 58, 62, 67, 68, 69]
progress:  70%|██████████████████████████████████████████████████████████████████████████████████████████▎                                      | 7/10 [00:00<00:00, 26.78it/s]trajectory_list [[10, 11, 28, 28], [10, 18, 70, 60, 61, 60, 61], [10, 12, 16, 17, 16, 12, 10], [10, 11, 28, 29, 29, 29, 34]]
target_list [61, 69, 68, 68, 69, 61]
trajectory_list [[10, 11, 28, 28, 28, 28, 28, 28, 29, 29, 29, 29, 29, 29, 29, 34, 34, 34, 34, 34, 34, 34, 34, 34, 34, 29, 29, 29, 28, 28, 28, 28, 28, 29, 29, 29, 29, 29, 29, 29, 29, 29, 29, 29, 29, 29, 29, 29, 29, 29, 29, 29, 29, 29, 29, 29, 29, 29, 34, 34, 34, 34, 34, 34, 34, 34, 34, 34, 34, 34, 34, 34, 34, 34, 34, 34, 34, 34, 34, 34, 34, 34, 34, 35, 40, 43, 47, 48, 48, 48, 48, 48, 48, 48, 48, 48, 48, 48, 48, 48, 48, 48, 48, 48, 48, 48, 48, 48, 48, 48, 48, 48, 48, 48, 48, 48, 48, 48, 48, 48, 48, 48, 48, 48, 48, 48, 48, 48, 48, 48, 48, 48, 48, 48, 48, 48, 48, 48, 48, 48, 47], [10, 18, 70, 60], [10, 12, 10, 11, 14, 11, 11, 10, 18, 18, 26, 25, 26, 26], [10, 11, 28, 29, 29, 29, 34, 35]]
target_list [59, 59, 59, 59, 58, 57, 63, 57, 57, 63, 57, 63, 66, 67, 62, 67, 62, 62, 67, 68, 67, 66, 65, 65, 65, 65, 66, 63, 66, 67, 67, 67, 66, 67, 62, 62, 62, 67, 67, 66, 67, 68, 67, 68, 69, 61, 69, 69, 61, 61, 68, 67, 66, 65, 65, 66, 67, 66, 67, 66, 63, 63, 64, 63, 63, 63, 66, 66, 66, 63, 63, 66, 63, 66, 66, 66, 67, 68, 61, 60, 59, 60, 60, 59, 61, 69, 61, 59, 58, 62, 58, 49, 58, 58, 62, 58, 57, 58, 58, 62, 62, 67, 66, 67, 66, 65, 65, 66, 66, 63, 64, 64, 64, 56, 53, 53, 54, 54, 54, 54, 54, 55, 53, 56, 56, 64, 63, 64, 63, 57, 58, 57, 57, 58, 62, 67, 67, 66, 65, 66]
trajectory_list [[10, 20, 21, 20], [10, 18, 70, 60], [10, 12, 16, 17], [10, 11, 28, 29]]
target_list [61, 60, 60]
[4, 4, 140, 59, 6, 15, 6, 140, 3, 6] 38.3
[34.9, 38.3] 36.599999999999994
