progress:   0%|                                                                                                                                         | 0/10 [00:00<?, ?it/s]trajectory_list [[10], [10], [10], [10]]
target_list []
trajectory_list [[10, 11, 28, 28, 28, 28, 28, 28], [10, 18, 70, 60], [10, 12, 16, 17, 16, 12, 10, 18, 18, 10, 12, 16, 12, 12], [10, 11, 10, 11, 28, 28, 29, 34, 35, 49, 58, 62, 67, 68, 69, 69, 69, 69, 69, 69, 69, 69, 68, 69, 69, 69, 69, 69, 69, 69, 69, 69, 69, 69, 69, 69, 69, 69, 69, 69, 69, 69, 68, 69, 69, 69, 69, 69, 69, 69, 61, 68, 61, 68, 69, 69, 69, 69, 69, 69, 69, 69, 69, 69, 69, 69, 69, 69, 69, 69, 69, 69, 69, 69, 69, 69, 69, 69, 69, 69, 61, 68, 68, 69, 69, 69, 69, 69, 69, 69, 69, 69, 69, 68, 69, 69, 68, 69, 69, 69, 69, 69, 69, 69, 69, 69, 69, 69, 69, 69, 61]]
target_list [61, 60, 59, 60, 70, 70, 70, 60, 60, 70, 18, 70, 70, 18, 70, 60, 59, 61, 59, 59, 58, 58, 49, 27, 27, 10, 11, 11, 14, 15, 14, 14, 15, 14, 14, 14, 11, 11, 14, 11, 28, 28, 28, 29, 34, 29, 29, 28, 11, 14, 15, 12, 10, 20, 10, 27, 27, 10, 13, 17, 17, 16, 17, 16, 16, 16, 12, 12, 15, 15, 15, 12, 12, 10, 27, 49, 58, 57, 57, 58, 57, 63, 64, 63, 63, 64, 63, 64, 65, 64, 64, 56, 64, 63, 57, 57, 57, 57, 63, 57, 58, 62, 58, 62, 58, 62, 58, 58, 59, 61]
trajectory_list [[10, 11, 28, 28, 28], [10, 18, 70, 60, 61], [10, 12, 16, 17, 16], [10, 11, 28, 29]]
target_list [69, 61, 69, 61]
                                                                                      | 3/10 [00:00<00:00,  8.72it/s]trajectory_list [[10, 11, 28, 28, 28, 28, 28, 28], [10, 18, 70, 60, 61, 60, 61, 60, 61, 60, 61, 68, 69, 69], [10, 12, 16, 17], [10, 11, 28, 29, 29, 29, 34, 35, 34, 35, 49, 50, 52, 52, 52, 52, 52, 52, 52, 52, 52, 52, 56, 64, 65, 65, 65, 65, 65, 65, 66, 66, 66, 66, 66, 66, 66, 66, 66, 66, 66, 66, 66, 66, 66, 66, 66, 66, 66, 66, 66, 66, 66, 67, 67, 68, 69, 69, 69, 69, 69, 69, 61, 68, 69, 69, 69, 69, 69, 69, 69, 69, 69, 69, 69, 69, 69, 69, 69, 69, 69, 69, 69, 69, 69, 69, 69, 68, 69, 69, 69, 69, 69, 69, 69, 69, 69, 69, 69, 69, 69, 69, 69, 69, 69, 69, 69, 69, 69, 69, 69, 69, 68, 69, 69, 69, 69, 69, 69, 69, 69, 69, 69, 69, 69, 69, 69, 69, 69, 69, 69, 69, 69, 61, 68, 69, 69, 69, 69, 69, 69]]
target_list [69, 61, 68, 67, 66, 65, 66, 63, 57, 63, 57, 58, 49, 27, 49, 27, 49, 35, 49, 27, 27, 10, 27, 27, 49, 50, 48, 48, 48, 48, 47, 47, 46, 46, 47, 48, 47, 43, 40, 35, 34, 29, 29, 29, 29, 29, 28, 28, 28, 28, 29, 29, 28, 11, 28, 11, 11, 14, 11, 10, 18, 19, 10, 18, 70, 70, 70, 18, 26, 26, 25, 26, 19, 20, 19, 25, 24, 23, 24, 24, 24, 20, 10, 12, 10, 20, 10, 11, 10, 20, 21, 21, 20, 20, 24, 23, 23, 24, 23, 22, 23, 23, 22, 23, 23, 24, 24, 24, 23, 23, 22, 21, 20, 19, 20, 19, 20, 19, 18, 70, 70, 70, 18, 10, 12, 12, 16, 12, 10, 19, 25, 24, 24, 25, 24, 24, 25, 19, 26, 18]
progress:  40%|███████████████████████████████████████████████████▌                                                                             | 4/10 [00:00<00:00,  7.73it/s]trajectory_list [[10, 11, 28, 28, 28, 29, 29, 29, 29, 29, 28, 28, 28, 28, 28, 28, 28, 28, 28, 11, 28, 28, 28, 28, 28, 28, 28, 28, 28, 11, 28, 28, 28, 28, 28, 28, 28, 28, 28, 28, 28, 28, 28, 28, 28, 28, 28, 28, 28, 28, 28, 28, 28, 28, 28, 28, 11, 28, 28, 28, 28, 28, 28, 28, 28, 28, 28, 28, 28, 28, 28, 28, 28, 28, 28, 28, 28, 28, 28, 28, 29, 29, 28, 28, 28, 28, 28, 28, 28, 28, 28, 28, 28, 28, 28, 28, 28, 28, 28, 28, 29, 29, 29, 29, 29, 29, 29, 29, 29, 29, 29, 29, 34, 29, 29, 29, 29, 29, 29, 29, 29, 29, 29, 29, 29, 29, 29, 29, 29, 29, 28, 28, 28, 28, 28, 28, 28, 28, 28, 28, 28], [10, 27, 49, 35, 36, 35, 36, 35, 36, 35, 40, 43, 47, 48], [10, 18, 26, 19, 18, 10, 9, 1], [10, 11, 28, 28]]
target_list [61, 61, 61, 59, 60, 59, 61, 69, 69, 61, 59, 60, 70, 60, 59, 58, 57, 58, 62, 67, 66, 63, 66, 66, 67, 62, 58, 58, 57, 57, 63, 63, 66, 66, 67, 68, 61, 59, 60, 61, 59, 58, 57, 58, 58, 62, 62, 58, 58, 58, 57, 63, 66, 65, 64, 56, 52, 56, 53, 53, 56, 56, 53, 55, 53, 55, 54, 55, 55, 55, 53, 53, 55, 53, 52, 50, 50, 48, 48, 48, 47, 47, 43, 44, 44, 43, 47, 43, 43, 43, 44, 43, 40, 39, 41, 39, 36, 39, 41, 42, 42, 41, 42, 38, 37, 32, 33, 36, 39, 39, 41, 42, 41, 41, 42, 42, 38, 37, 36, 33, 32, 31, 30, 33, 33, 32, 31, 31, 31, 31, 31, 30, 30, 33, 33, 33, 33, 30, 31, 30]
trajectory_list [[10, 11, 28, 28], [10, 18, 70, 60, 61], [10, 12, 16, 12, 15], [10, 11, 28, 29, 29]]
target_list [61, 68, 61, 60]
progress:  60%|█████████████████████████████████████████████████████████████████████████████▍                                                   | 6/10 [00:00<00:00,  9.42it/s]trajectory_list [[10, 11, 28, 28], [10, 18, 70, 18, 70, 60, 61, 60], [10, 12, 10, 11, 14, 11, 10, 19, 26, 18, 26, 25, 26, 26], [10, 11, 28, 29, 29, 29, 34, 35, 49, 58, 62, 58, 62, 67, 68, 69, 69, 69, 69, 69, 68, 69, 69, 69, 69, 69, 69, 69, 69, 69, 69, 69, 69, 69, 69, 69, 69, 69, 69, 69, 69, 68, 69, 69, 69, 69, 69, 69, 69, 69, 69, 69, 69, 69, 69, 69, 69, 61, 68, 69, 69, 69, 69, 69, 69, 69, 69, 69, 69, 68, 69, 69, 69, 69, 69, 69, 69, 69, 69, 61, 68, 69, 69, 69, 69, 69, 69, 69, 69, 69, 69, 69, 61, 68, 69, 69, 69, 69, 69, 69, 69, 69, 69, 69, 69, 69, 69, 61, 68, 69, 69, 69, 69, 69, 69, 61, 68, 69, 69, 69, 69, 61, 68, 69, 69, 69, 61, 68, 69, 69, 69, 61, 68, 69, 69, 69, 61, 68, 69, 69, 61]]
target_list [69, 68, 67, 66, 65, 65, 65, 65, 65, 65, 64, 63, 63, 64, 64, 56, 53, 54, 55, 53, 56, 53, 55, 54, 55, 54, 53, 56, 52, 53, 55, 54, 54, 53, 54, 53, 53, 56, 64, 64, 63, 63, 64, 65, 64, 65, 64, 64, 65, 66, 66, 66, 63, 66, 63, 57, 63, 64, 64, 56, 53, 54, 54, 54, 54, 54, 54, 53, 52, 50, 49, 50, 51, 50, 49, 49, 50, 48, 48, 48, 50, 48, 48, 50, 48, 47, 48, 47, 43, 40, 39, 41, 41, 42, 41, 41, 41, 39, 40, 43, 43, 43, 47, 43, 44, 43, 44, 43, 47, 43, 40, 40, 35, 49, 49, 58, 57, 57, 57, 58, 57, 57, 58, 57, 57, 63, 64, 64, 64, 56, 56, 52, 53, 55, 53, 56, 52, 52, 53, 55]
trajectory_list [[10, 11, 28, 28], [10, 18, 70, 60], [10, 12, 16, 17], [10, 11, 28, 29]]
target_list [61, 61, 60]
trajectory_list [[10, 11, 28, 28], [10, 18, 70, 60], [10, 12, 16, 17], [10, 11, 28, 29]]
target_list [61, 60, 60]
trajectory_list [[10, 11, 28, 28, 28], [10, 18, 70, 60, 61], [10, 12, 16, 17, 16], [10, 11, 28, 29]]
target_list [68, 68, 61, 60]
progress: 100%|████████████████████████████████████████████████████████████████████████████████████████████████████████████████████████████████| 10/10 [00:00<00:00, 13.92it/s]
[110, 4, 140, 140, 4, 140, 3, 3, 4, 7] 55.5
progress:   0%|                                                                                                                                         | 0/10 [00:00<?, ?it/s]trajectory_list [[10, 11, 28, 28], [10, 18, 70, 60, 61, 59, 60, 61], [10, 12, 16, 17, 16, 12, 10, 18], [10, 11, 28, 29, 29, 29, 34, 35]]
target_list [61, 60, 61, 59, 60, 61, 60]
progress:  10%|████████████▉                                                                                                                    | 1/10 [00:00<00:01,  6.34it/s]trajectory_list [[10, 11, 28, 28, 28, 28, 28, 28], [10, 18, 70, 60], [10, 12, 16, 17, 16, 12, 10, 18, 70, 18, 26, 25, 26, 26], [10, 11, 28, 29, 29, 29, 34, 35, 36, 37, 36, 37, 38, 38, 38, 38, 38, 37, 38, 38, 38, 38, 38, 38, 38, 38, 38, 38, 38, 38, 38, 38, 38, 37, 38, 38, 38, 38, 38, 38, 38, 38, 42, 42, 42, 42, 42, 42, 42, 42, 42, 42, 42, 42, 42, 42, 42, 42, 42, 38, 38, 38, 38, 38, 38, 38, 38, 38, 38, 38, 38, 38, 38, 38, 38, 38, 38, 38, 38, 38, 38, 38, 38, 38, 38, 38, 38, 38, 38, 38, 38, 38, 42, 42, 42, 42, 42, 42, 42, 42, 42, 42, 42, 42, 42, 42, 42, 42, 38, 38, 38, 38, 38, 38, 38, 38, 38, 38, 38, 38, 38, 38, 38, 38, 38, 38, 38, 38, 38, 38, 38, 38, 38, 38, 38, 38, 38, 38, 38, 38, 38]]
target_list [61, 61, 69, 69, 69, 61, 60, 59, 58, 49, 50, 49, 50, 48, 50, 51, 50, 50, 50, 52, 56, 52, 56, 53, 54, 53, 56, 52, 56, 56, 52, 52, 56, 53, 54, 55, 55, 53, 54, 54, 54, 55, 54, 55, 53, 53, 56, 52, 53, 53, 56, 56, 53, 52, 50, 51, 50, 49, 58, 49, 50, 52, 53, 53, 53, 55, 55, 55, 53, 52, 50, 52, 52, 53, 52, 52, 53, 52, 53, 56, 52, 52, 53, 53, 53, 54, 54, 54, 55, 54, 53, 54, 53, 56, 56, 52, 50, 49, 35, 49, 58, 62, 67, 66, 63, 66, 66, 67, 67, 68, 61, 68, 67, 66, 63, 66, 67, 62, 62, 58, 49, 58, 59, 58, 62, 67, 68, 68, 69, 61, 59, 60, 59, 59, 58, 49, 35, 34, 34, 29]
progress:  20%|█████████████████████████▊                                                                                                       | 2/10 [00:00<00:01,  6.63it/s]trajectory_list [[10, 11, 28, 28, 28, 28, 28, 28], [10, 27, 49, 35], [10, 12, 16, 17, 17, 13, 10, 20, 20, 24, 25, 25, 26, 26, 26, 26, 26, 26, 18, 10, 9, 1, 2, 1, 2, 1, 2, 1, 2, 1, 9, 1, 9, 1, 7, 1, 9, 1, 7, 1, 7, 7, 7, 7, 1, 9, 1, 7, 7, 7, 1, 9, 10, 10, 9, 1, 2, 1, 7, 7, 1, 9, 10, 9, 1, 5, 5, 5, 5, 5, 1, 2, 1, 9, 1, 7, 7, 7, 1, 7, 7, 7, 1, 9, 10, 9, 1, 5, 1, 1, 7, 7, 7, 7, 1, 9, 10, 9, 1, 5, 1, 7, 7, 7, 1, 9, 9, 1, 5, 5, 1, 7, 7, 7, 1, 9, 10, 27, 10, 9, 10, 9, 1, 2, 1, 7, 6, 7, 1, 7, 6, 6, 7, 6, 6, 6, 6, 7, 6, 7, 1], [10, 11, 28, 29, 29, 29, 34, 35, 49, 58, 62, 67, 68, 61]]
target_list [68, 67, 62, 67, 67, 66, 63, 57, 57, 57, 63, 66, 67, 62, 67, 66, 66, 67, 67, 67, 66, 66, 65, 65, 66, 66, 66, 65, 66, 67, 62, 67, 66, 63, 66, 63, 64, 65, 66, 65, 66, 65, 65, 66, 65, 65, 66, 67, 62, 67, 62, 62, 58, 49, 35, 34, 29, 28, 29, 28, 28, 11, 28, 28, 28, 29, 29, 28, 28, 29, 34, 35, 35, 49, 27, 49, 50, 48, 47, 43, 47, 46, 46, 46, 46, 47, 46, 45, 46, 45, 46, 45, 45, 45, 44, 45, 45, 46, 47, 47, 43, 44, 44, 44, 43, 43, 43, 44, 44, 45, 45, 46, 45, 46, 45, 45, 46, 45, 45, 45, 44, 44, 44, 45, 46, 46, 46, 46, 45, 44, 45, 46, 45, 46, 47, 47, 48, 47, 46, 45]
trajectory_list [[10, 11, 28, 28, 28], [10, 18, 70, 60, 61], [10, 12, 16, 17, 16], [10, 11, 28, 29]]
target_list [69, 61, 59, 61]
trajectory_list [[10, 11, 11, 14], [10, 18, 70, 60, 61, 60, 61, 60, 61, 60, 61, 68], [10, 12, 16, 17, 16, 12, 10, 18], [10, 11, 28, 29, 29, 29, 34, 35, 49, 49, 49, 58]]
target_list [61, 59, 61, 59, 58, 59, 58, 62, 62, 58, 49]
trajectory_list [[10, 11, 28, 28], [10, 18, 70, 18, 70, 60], [10, 12, 16, 17, 16, 12], [10, 11, 28, 29, 29, 29]]
target_list [61, 59, 60, 59, 60]
trajectory_list [[10, 11, 28, 28], [10, 18, 70, 70, 60, 61], [10, 12, 16, 17, 16, 12], [10, 11, 28, 29, 29, 29]]
target_list [69, 61, 59, 61, 60]
trajectory_list [[10, 11, 10, 12, 16], [10, 18, 70, 60, 61], [10, 12, 16, 17], [10, 11, 28, 29, 29]]
target_list [69, 68, 69, 61]
trajectory_list [[10, 11, 28, 28, 28, 28, 28], [10, 18, 70, 60, 61, 60, 61], [10, 12, 16, 17, 16, 12, 10], [10, 11, 28, 29]]
target_list [61, 68, 69, 68, 68, 61]
progress:  90%|████████████████████████████████████████████████████████████████████████████████████████████████████████████████████             | 9/10 [00:00<00:00, 20.38it/s]trajectory_list [[10, 11, 28, 29, 34, 34, 34, 34, 34, 34, 34, 34, 34, 34], [10, 18, 70, 60, 60, 61, 60, 70], [10, 12, 16, 17, 13, 10, 9, 1, 1, 1, 7, 8, 8, 8, 8, 8, 8, 8, 7, 8, 7, 1, 2, 1, 9, 1, 5, 1, 7, 7, 1, 9, 10, 11, 10, 9, 1, 2, 4, 2, 1, 9, 10, 9, 1, 5, 1, 5, 5, 1, 9, 10, 9, 1, 5, 1, 5, 5, 1, 9, 10, 9, 1, 5, 1, 5, 5, 1, 9, 10, 9, 1, 5, 1, 2, 3, 3, 2, 1, 9, 10, 9, 1, 5, 5, 5, 1, 9, 1, 5, 5, 1, 2, 2, 2, 2, 2, 1, 9, 9, 1, 5, 5, 1, 9, 10, 9, 1, 5, 1, 5, 5, 1, 9, 10, 9, 1, 5, 5, 1, 9, 10, 9, 9, 10, 9, 1, 5, 1, 5, 5, 1, 9, 10, 9, 1, 5, 1, 5, 5, 1], [10, 9, 10, 12]]
target_list [61, 59, 61, 69, 69, 68, 61, 59, 61, 69, 61, 60, 61, 68, 68, 68, 61, 61, 69, 61, 59, 58, 57, 63, 64, 64, 63, 63, 64, 56, 64, 64, 63, 64, 64, 56, 56, 64, 64, 56, 56, 64, 56, 56, 64, 56, 64, 56, 52, 56, 56, 56, 56, 53, 52, 56, 52, 52, 53, 52, 56, 52, 52, 56, 53, 55, 54, 55, 53, 55, 54, 55, 55, 55, 53, 53, 53, 56, 52, 53, 55, 53, 53, 55, 54, 53, 55, 55, 53, 55, 53, 55, 55, 54, 54, 55, 53, 54, 55, 53, 55, 54, 53, 53, 53, 54, 54, 53, 54, 53, 52, 56, 53, 56, 56, 53, 52, 56, 64, 56, 56, 52, 56, 53, 55, 53, 54, 53, 56, 52, 53, 54, 54, 53, 53, 56, 53, 52, 52, 52]
progress: 100%|████████████████████████████████████████████████████████████████████████████████████████████████████████████████████████████████| 10/10 [00:00<00:00, 18.73it/s]
[140, 140, 4, 11, 5, 5, 4, 6, 140, 4] 45.9
[55.5, 45.9] 50.7
