library/VDN/Evaluate_pre.py
progress:   0%|                                                                                                                                         | 0/10 [00:00<?, ?it/s]trajectory_list [[44], [44], [44], [44]]
target_list []
/home/kevinkang/anaconda3/envs/Multiagent_Search/lib/python3.11/site-packages/torch/nn/modules/rnn.py:998: UserWarning: RNN module weights are not part of single contiguous chunk of memory. This means they need to be compacted at every call, possibly greatly increasing memory usage. To compact weights again call flatten_parameters(). (Triggered internally at /opt/conda/conda-bld/pytorch_1682343995622/work/aten/src/ATen/native/cudnn/RNN.cpp:982.)
  result = _VF.gru(input, hx, self._flat_weights, self.bias, self.num_layers,
progress:  10%|████████████▉                                                                                                                    | 1/10 [00:00<00:01,  5.56it/s]trajectory_list [[44, 58, 58, 57, 56, 55, 54, 27, 54, 27, 54, 27, 54, 27], [44, 25, 44, 23, 22, 45, 46, 47], [44, 58, 5, 58], [44, 23, 23, 22, 23, 22, 23, 22, 23, 22, 23, 22, 23, 22, 22, 22, 23, 22, 23, 22, 23, 22, 23, 22, 23, 22, 45, 46, 11, 46, 11, 46, 11, 46, 11, 46, 11, 46, 11, 46, 11, 46, 11, 46, 11, 46, 11, 11, 46, 11, 46, 11, 46, 11, 46, 11, 46, 11, 46, 11, 46, 11, 46, 11, 46, 11, 46, 11, 46, 11, 46, 11, 46, 11, 46, 11, 46, 11, 11, 46, 11, 46, 11, 46, 47, 12, 47, 46, 11, 46, 47, 12, 47, 12, 47, 12, 47, 12, 47, 12, 47, 12, 47, 12, 47, 12, 47, 21, 21, 47, 12, 47, 12, 47, 12, 47, 12, 47, 12, 47, 12]]
target_list [14, 14, 14, 14, 14, 14, 14, 14, 47, 46, 46, 45, 45, 9, 9, 9, 9, 45, 44, 43, 43, 44, 44, 58, 57, 56, 34, 56, 57, 58, 58, 41, 41, 41, 58, 6, 58, 57, 57, 57, 58, 42, 42, 42, 42, 58, 41, 58, 53, 53, 58, 58, 7, 7, 7, 58, 57, 57, 56, 2, 56, 35, 35, 56, 35, 35, 35, 35, 56, 3, 56, 56, 35, 35, 35, 35, 35, 35, 35, 56, 36, 36, 56, 56, 1, 56, 35, 56, 57, 56, 2, 2, 2, 56, 56, 4, 56, 3, 3, 56, 1, 56, 2, 2, 2, 2, 2, 56, 36, 36, 36, 36, 36, 56, 35, 56, 34, 34, 56, 2]
trajectory_list [[44, 58, 58, 57, 56, 35, 56, 55, 55, 54], [44, 25, 44, 23, 22, 45, 46, 47, 48, 15], [44, 23, 22, 45], [44, 23, 23, 22, 22, 23, 22, 23]]
target_list [47, 13, 47, 48, 59, 48, 15, 15, 48]
trajectory_list [[44, 58, 58, 57, 56, 55, 54], [44, 25, 44, 23], [44, 23, 22, 45, 46, 47, 48], [44, 23, 23, 22, 23, 22, 23]]
target_list [47, 48, 48, 59, 48, 48]
trajectory_list [[44, 58, 58, 57], [44, 25, 44, 23, 44, 23, 22, 45, 46, 47, 48, 59], [44, 23, 22, 45, 46, 47, 48, 59], [44, 23, 23, 22, 23, 22, 23, 22, 23, 44, 23, 22]]
target_list [47, 48, 59, 19, 19, 59, 19, 59, 19, 59, 48]
trajectory_list [[44, 58, 58, 6, 58, 57, 56], [44, 23, 44, 23], [44, 23, 22, 45, 46, 47, 48], [44, 23, 23, 22, 45, 46, 11]]
target_list [46, 47, 46, 11, 11, 46]
trajectory_list [[44, 58, 58, 57, 56, 55, 54, 27, 54, 54, 27, 54], [44, 25, 44, 25, 44, 23, 44, 23, 22, 45, 46, 47], [44, 23, 22, 23, 22, 45, 46, 47], [44, 23, 23, 22]]
target_list [14, 14, 47, 46, 47, 14, 14, 14, 14, 47, 47]
progress:  70%|██████████████████████████████████████████████████████████████████████████████████████████▎                                      | 7/10 [00:00<00:00, 23.10it/s]trajectory_list [[44, 58, 58, 57], [44, 25, 44, 44, 23, 22, 45, 24, 24, 24, 24, 24, 24, 24, 45, 10, 10, 10, 10, 10, 10, 10, 10, 10, 10, 10, 10, 10, 10, 10, 10, 10, 10, 10, 10, 10, 10, 10, 10, 10, 10, 10, 10, 10, 10, 10, 10, 10, 10, 10, 10, 10, 10, 10, 10, 10, 10, 10, 10, 10, 10, 10, 10, 10, 10, 10, 10, 10, 10, 10, 10, 45, 10, 10, 10, 10, 10, 10, 10, 10, 10, 10, 10, 10, 45], [44, 23, 22, 23, 22, 45, 46, 47, 48, 59, 20, 59, 16, 59], [44, 23, 23, 22, 23, 22, 23, 22]]
target_list [48, 48, 47, 14, 47, 21, 21, 21, 21, 47, 21, 21, 47, 21, 47, 13, 47, 21, 21, 21, 47, 14, 14, 47, 21, 47, 14, 47, 12, 12, 47, 13, 47, 14, 14, 47, 21, 21, 21, 47, 47, 12, 12, 12, 47, 21, 21, 21, 47, 12, 12, 12, 47, 13, 13, 13, 13, 13, 13, 47, 21, 47, 21, 21, 47, 12, 47, 46, 46, 47, 46, 47, 47, 21, 21, 21, 21, 21, 21, 47, 46, 45, 24, 45]
trajectory_list [[44, 58, 58, 57], [44, 25, 44, 23, 22, 45, 44, 44], [44, 23, 22, 45, 46, 11, 46, 47, 48, 59], [44, 23, 23, 23, 23, 22, 23, 22, 23, 22]]
target_list [47, 12, 47, 47, 46, 45, 46, 45, 22]
trajectory_list [[44, 58, 58, 57], [44, 25, 44, 23, 22, 45, 46, 47], [44, 23, 22, 45, 46, 47, 48, 59], [44, 23, 23, 22, 23, 22, 23, 22]]
target_list [13, 13, 13, 47, 21, 21, 47]
progress: 100%|████████████████████████████████████████████████████████████████████████████████████████████████████████████████████████████████| 10/10 [00:00<00:00, 25.61it/s]
[120, 9, 6, 11, 6, 11, 84, 9, 7, 8] 27.1
progress:   0%|                                                                                                                                         | 0/10 [00:00<?, ?it/s]trajectory_list [[44, 58, 58, 57], [44, 25, 44, 23, 22, 45, 46, 47], [44, 23, 22, 45, 9, 9, 45, 46, 47], [44, 23, 23, 22, 23, 22, 23, 22, 23]]
target_list [47, 48, 15, 15, 15, 15, 48, 47]
trajectory_list [[44, 58, 58, 57, 56, 1, 56, 1, 56, 55, 54, 54, 27, 54], [44, 25, 44, 23, 22, 45, 46, 47, 48, 59, 20, 59, 48, 59, 20, 20, 20, 20, 20, 20, 20, 59, 20, 20, 59, 20, 59, 20, 59, 20, 59, 20, 59, 48, 59, 19, 59, 20, 59, 20, 59, 20, 59, 20, 59, 20, 59, 20, 59, 20, 59, 20, 59, 20, 59, 20, 59, 20, 59, 20, 59, 20, 59, 59, 60, 49, 60, 49, 44], [44, 23, 22, 45, 46, 47, 48, 59], [44, 23, 23, 22]]
target_list [13, 47, 21, 47, 21, 47, 12, 12, 47, 47, 47, 14, 47, 14, 47, 13, 13, 13, 13, 13, 13, 47, 46, 46, 11, 11, 11, 46, 47, 46, 11, 11, 11, 46, 11, 11, 11, 46, 11, 46, 45, 10, 10, 10, 45, 8, 8, 45, 46, 46, 46, 45, 24, 45, 46, 11, 46, 46, 45, 22, 45, 9, 45, 44, 58, 44, 43, 44]
trajectory_list [[44, 58, 58, 44], [44, 25, 44, 23], [44, 23, 22, 45], [44, 23, 23, 22]]
target_list [46, 45, 22]
trajectory_list [[44, 58, 58, 57], [44, 25, 44, 23, 22], [44, 23, 22, 45, 46], [44, 23, 23, 22, 23]]
target_list [12, 47, 46, 45]
progress:  40%|███████████████████████████████████████████████████▌                                                                             | 4/10 [00:00<00:00, 17.87it/s]trajectory_list [[44, 58, 58, 57, 56, 55, 54, 27, 54, 27, 54, 27, 54, 27, 54, 27, 54, 27, 54, 30, 54, 27, 54, 27, 54, 27, 54, 27, 54, 27, 54, 27, 54, 27, 27, 54, 27, 54, 27, 54, 28, 54, 27, 54, 27, 54, 27, 54, 55, 31, 55, 56, 1, 56, 1, 56, 1, 56, 1, 56, 1, 56, 1, 56, 1, 56, 1, 56, 1, 56, 1, 56, 1, 56, 1, 56, 1, 56, 1, 56, 1, 56, 1, 56, 1, 56, 1, 56, 1, 56, 1, 56, 1, 56, 1, 56, 1, 56, 1, 56, 1, 56, 1, 56, 1, 56, 1, 56, 1, 56, 55, 31, 31, 55, 31, 55, 31, 55, 31, 31, 55], [44, 43, 43, 43, 43, 43, 43, 43], [44, 23, 23, 22], [44, 23, 23, 22, 23, 22, 23, 22, 23, 22, 23, 22, 23, 22]]
target_list [14, 47, 14, 14, 14, 14, 47, 13, 13, 47, 21, 47, 48, 59, 16, 16, 16, 16, 16, 16, 16, 59, 19, 59, 19, 19, 19, 19, 59, 20, 20, 59, 19, 59, 16, 16, 16, 59, 59, 16, 16, 59, 59, 20, 20, 20, 59, 19, 59, 48, 48, 47, 14, 14, 47, 12, 47, 13, 47, 47, 46, 11, 46, 47, 48, 47, 14, 47, 14, 14, 47, 12, 47, 13, 13, 47, 47, 14, 14, 47, 13, 47, 21, 47, 48, 48, 48, 47, 21, 47, 12, 12, 47, 48, 15, 15, 48, 47, 48, 15, 15, 48, 15, 15, 48, 47, 12, 12, 12, 47, 48, 15, 15, 48, 59, 16, 59, 20, 20, 20]
trajectory_list [[44, 58, 58, 57, 56, 55, 54, 27], [44, 25, 44, 23], [44, 23, 22, 45, 46, 47, 48, 59, 20, 59, 20, 59, 16, 59], [44, 23, 23, 22, 23, 44, 23, 22, 23, 22, 23, 22, 23, 22, 23, 23, 22, 45, 46, 11, 46, 11, 46, 11, 46, 11, 46, 11, 46, 11, 11, 46, 11, 46]]
target_list [47, 14, 14, 47, 14, 47, 47, 14, 14, 14, 14, 47, 48, 15, 15, 15, 15, 48, 47, 13, 13, 13, 47, 21, 21, 21, 47, 12, 12, 47, 48, 47, 46]
trajectory_list [[44, 58, 58, 57, 56, 55, 54, 27], [44, 25, 44, 23], [44, 23, 22, 45, 46, 47, 48, 59, 20, 59, 20, 59, 60], [44, 23, 23, 22, 45, 46, 11, 46, 11, 11, 46, 11, 11]]
target_list [13, 13, 13, 13, 13, 47, 12, 12, 47, 47, 46, 11]
progress:  70%|██████████████████████████████████████████████████████████████████████████████████████████▎                                      | 7/10 [00:00<00:00, 17.19it/s]trajectory_list [[44, 58, 58, 57, 56, 55, 54, 27, 54, 27, 27, 54, 40, 54, 27, 54, 27, 54, 28, 54, 27, 54, 27, 54, 27, 54, 27, 54, 27, 54, 27, 54, 27, 54, 27, 54, 27, 54, 27, 54, 27, 54, 27, 54, 27, 54, 27, 54, 27, 54, 28, 54, 27, 54, 29, 54, 27, 27, 54, 27, 54, 27, 54, 27, 54, 39, 54, 27, 54, 27, 54, 27, 54, 39, 54, 27, 54, 27, 54, 27, 54, 27, 54, 27, 54, 27, 54, 27, 54, 27, 54, 27, 54, 27, 54, 27, 54, 27, 54, 27, 54, 27, 54, 27, 27, 54, 27, 54, 53, 26, 25, 26, 25, 26, 25, 26, 26, 25, 26, 25, 26], [44, 25, 44, 23, 22, 23, 44, 45], [44, 23, 22, 45, 46, 47, 48, 59, 20, 59, 20, 59, 16, 59], [44, 23, 23, 22]]
target_list [48, 15, 15, 15, 15, 15, 15, 15, 15, 15, 48, 59, 60, 49, 60, 59, 20, 59, 60, 60, 17, 60, 59, 20, 20, 59, 60, 17, 60, 17, 17, 60, 18, 60, 59, 59, 19, 19, 19, 59, 59, 20, 20, 20, 20, 20, 20, 20, 20, 59, 16, 59, 60, 49, 49, 44, 43, 43, 43, 44, 45, 24, 45, 24, 45, 24, 45, 45, 44, 44, 44, 45, 46, 47, 14, 14, 47, 13, 47, 14, 14, 47, 47, 46, 46, 45, 24, 45, 46, 46, 11, 46, 47, 47, 47, 12, 47, 21, 21, 47, 14, 14, 47, 47, 13, 13, 13, 47, 14, 14, 14, 14, 14, 14, 14, 47, 46, 11, 11, 11]
trajectory_list [[44, 58, 58, 57, 56, 55, 54, 27, 54, 27, 54, 27, 54, 39], [44, 25, 44, 23, 22, 45, 46, 47, 48, 59, 20, 59, 20, 20, 59, 20, 59, 20, 59, 20, 59, 20, 59, 20, 20, 59, 20, 59, 20, 59, 20, 59, 20, 59, 20, 59], [44, 23, 22, 45, 46, 47, 48, 59], [44, 23, 23, 22]]
target_list [12, 47, 21, 21, 21, 47, 13, 13, 47, 12, 12, 47, 46, 11, 11, 46, 46, 46, 11, 11, 46, 11, 11, 46, 46, 11, 46, 47, 48, 48, 15, 48, 47, 48, 59]
progress:  90%|████████████████████████████████████████████████████████████████████████████████████████████████████████████████████             | 9/10 [00:00<00:00, 16.60it/s]trajectory_list [[44, 25, 44, 23, 22, 23, 22, 23, 22, 23, 22, 23, 22, 23, 22, 23, 23, 22, 23, 22, 23, 22, 23, 22, 23, 44, 43, 44, 23, 22, 23, 22, 23, 22, 23, 22, 23, 22, 23, 22, 23, 22, 23, 22, 23, 22, 23, 22, 23, 22, 23, 22, 23, 22, 23, 22, 23, 22, 23, 22, 23, 22, 23, 22, 23, 22, 23, 22, 23, 22, 23, 22, 23, 22, 23, 22, 23, 22, 23, 22, 23, 44, 23, 22, 23, 22, 23, 22, 23, 22, 23, 22, 23, 22, 23], [44, 25, 44, 23, 22, 45, 46, 47], [44, 23, 22, 45], [44, 23, 23, 22, 22, 23, 22, 23, 22, 23, 22, 23, 22, 23]]
target_list [12, 12, 47, 47, 21, 47, 21, 21, 47, 48, 59, 20, 59, 20, 20, 59, 48, 47, 47, 13, 47, 13, 13, 47, 21, 21, 47, 12, 47, 13, 47, 14, 47, 13, 47, 48, 15, 15, 15, 15, 15, 48, 15, 15, 48, 47, 12, 47, 14, 14, 14, 14, 47, 12, 47, 48, 15, 48, 15, 48, 47, 48, 59, 20, 59, 60, 49, 49, 60, 59, 60, 49, 44, 25, 25, 44, 43, 44, 44, 49, 60, 49, 60, 49, 44, 43, 44, 43, 43, 43, 44, 43, 44, 23]
progress: 100%|████████████████████████████████████████████████████████████████████████████████████████████████████████████████████████████████| 10/10 [00:00<00:00, 18.45it/s]
[68, 3, 4, 120, 33, 12, 120, 35, 94, 4] 49.3
[27.1, 49.3] 38.2
(Multiagent_Search) kevinkang@Magic:~/Desktop/Multiagent_Search/library$ /home/kevinkang/anaconda3/envs/Multiagent_Search/bin/python /home/kevinkang/Desktop/Multiagent_Search/library/VDN/Evaluate_pre.py
progress:   0%|                                                                                                                                         | 0/10 [00:00<?, ?it/s]trajectory_list [[44], [44], [44], [44]]
target_list []
/home/kevinkang/anaconda3/envs/Multiagent_Search/lib/python3.11/site-packages/torch/nn/modules/rnn.py:998: UserWarning: RNN module weights are not part of single contiguous chunk of memory. This means they need to be compacted at every call, possibly greatly increasing memory usage. To compact weights again call flatten_parameters(). (Triggered internally at /opt/conda/conda-bld/pytorch_1682343995622/work/aten/src/ATen/native/cudnn/RNN.cpp:982.)
  result = _VF.gru(input, hx, self._flat_weights, self.bias, self.num_layers,
progress:  10%|████████████▉                                                                                                                    | 1/10 [00:00<00:01,  5.61it/s]trajectory_list [[44, 58, 58, 57], [44, 43, 43, 43, 43, 44, 23, 23, 44, 23, 23, 23, 23, 23, 23, 23, 23, 23, 23, 23, 23, 23, 23, 23, 23, 23, 23, 23, 23, 44, 43, 43, 43, 43, 43, 43, 43, 43, 44, 43, 43, 43, 43, 43, 43, 43, 43, 43, 43, 43, 43, 43, 43, 43, 43, 43, 43, 43, 43, 43, 43, 43, 43, 43, 44, 43, 43, 43, 43, 43, 43, 43, 43, 43, 43, 43, 43, 43, 43, 43, 43, 43, 43, 43, 43, 43, 43, 43, 44, 58, 7, 58, 7, 58, 57, 57, 57, 57, 56, 3, 56, 3, 56, 3, 56, 3, 56, 3, 56, 3, 3, 56, 3, 56, 3, 56, 3, 56, 35, 56, 3], [44, 23, 22, 45, 46, 47, 48, 59, 19, 59, 20, 59, 16, 59], [44, 23, 23, 22, 23, 22, 23, 22]]
target_list [38, 54, 28, 54, 27, 27, 54, 39, 39, 54, 40, 40, 54, 29, 54, 38, 38, 38, 38, 54, 27, 27, 54, 38, 38, 54, 40, 54, 27, 27, 27, 54, 28, 54, 54, 40, 40, 54, 29, 54, 30, 54, 27, 54, 54, 38, 54, 29, 29, 54, 30, 54, 37, 37, 54, 30, 54, 28, 54, 39, 39, 54, 29, 54, 30, 30, 54, 37, 37, 54, 54, 54, 40, 54, 54, 37, 54, 54, 28, 54, 38, 54, 39, 39, 54, 53, 53, 54, 37, 37, 37, 37, 37, 37, 54, 28, 54, 53, 53, 53, 54, 27, 54, 29, 29, 54, 53, 50, 49, 49, 50, 25, 25, 44, 23, 23, 44, 49, 50, 25]
progress:  20%|█████████████████████████▊                                                                                                       | 2/10 [00:00<00:01,  6.58it/s]trajectory_list [[44, 58, 58, 57], [44, 25, 44, 23, 22, 23, 44, 44], [44, 23, 22, 45, 46, 47, 21, 47, 48, 59, 20, 59, 16, 59], [44, 23, 23, 22, 23, 22, 23, 22, 23, 22, 23, 22, 23, 22, 23, 22, 45, 46, 11, 46, 11, 11, 46, 11, 46, 11, 46, 11, 46, 11, 46, 11, 46, 11, 46, 11, 46, 11, 11, 46, 11, 46, 11, 46, 11, 46, 11, 46, 11, 46, 11, 46, 11, 46, 11, 46, 11, 46, 11, 46, 11, 46, 11, 46, 11, 46, 11, 46, 11, 46, 11, 46, 11, 46, 11, 46, 11, 46, 11, 46, 11, 11, 11, 46, 47, 12, 47, 12, 47, 12, 47, 12, 47, 12, 47, 12, 47, 12, 47, 12, 47, 12, 47, 12, 47, 12, 47, 12, 47, 12, 47, 12, 47, 12, 47, 12, 47, 13, 47, 12, 47]]
target_list [54, 55, 54, 37, 37, 37, 37, 54, 28, 54, 53, 58, 42, 42, 42, 58, 58, 5, 5, 5, 58, 7, 58, 6, 58, 5, 58, 7, 7, 58, 57, 56, 34, 34, 34, 56, 34, 56, 57, 58, 6, 58, 58, 58, 58, 53, 54, 40, 54, 28, 28, 28, 28, 54, 38, 54, 27, 54, 28, 54, 28, 28, 54, 38, 38, 54, 30, 54, 53, 58, 53, 58, 42, 58, 57, 56, 34, 56, 57, 57, 57, 56, 1, 1, 1, 1, 1, 56, 2, 2, 2, 56, 36, 36, 36, 56, 36, 56, 3, 3, 3, 56, 56, 3, 56, 4, 56, 57, 58, 53, 58, 58, 44, 44, 25, 50, 50, 50, 53, 26]
progress:  30%|██████████████████████████████████████▋                                                                                          | 3/10 [00:00<00:00,  7.15it/s]trajectory_list [[44, 58, 58, 57], [44, 25, 44, 23, 22, 45, 10, 10], [44, 23, 22, 45, 46, 47, 48, 59, 20, 59, 20, 59, 16, 59, 16, 59, 16, 59, 16, 59, 16, 59, 48, 15, 48, 15, 15, 15, 15, 15, 15, 48, 48, 47, 13, 13, 13, 13, 13, 13, 13, 13, 13, 13, 13, 13, 13, 13, 13, 13, 13, 13, 13, 13, 13, 13, 13, 13, 13, 13, 13, 13, 13, 13, 13, 13, 13, 13, 13, 13, 13, 13, 13, 13, 13, 13, 13, 13, 13, 13, 13, 13, 13, 47, 21, 21, 47, 48, 15, 15, 15, 15, 15, 15, 15, 15, 15, 15, 15, 15, 15, 15, 15, 15, 15, 15, 48, 59, 59, 19, 59, 19, 59, 48, 15, 15, 15, 15, 15, 15, 15], [44, 23, 23, 22, 22, 23, 22, 23, 22, 23, 22, 23, 22, 23]]
target_list [27, 27, 54, 54, 53, 53, 54, 54, 40, 40, 40, 54, 30, 30, 30, 54, 37, 37, 37, 54, 30, 30, 30, 30, 54, 28, 28, 28, 54, 55, 54, 53, 54, 53, 50, 49, 49, 49, 44, 23, 23, 44, 58, 7, 58, 41, 58, 57, 56, 36, 36, 56, 1, 56, 3, 3, 3, 3, 56, 4, 4, 4, 56, 36, 56, 35, 56, 4, 4, 56, 57, 57, 57, 56, 4, 4, 56, 3, 56, 2, 2, 56, 4, 56, 56, 36, 36, 36, 36, 36, 56, 36, 56, 3, 56, 56, 57, 57, 56, 56, 4, 4, 4, 56, 55, 33, 33, 55, 56, 55, 55, 56, 34, 56, 3, 3, 56, 36, 56, 1]
trajectory_list [[44, 58, 57, 56, 55, 55, 33, 55, 54, 27, 54], [44, 25, 44, 49, 44, 23, 22, 45, 46, 47, 48], [44, 25, 26, 25], [44, 23, 23, 22, 23, 22, 23, 22]]
target_list [30, 54, 39, 39, 39, 39, 54, 29, 29, 54]
trajectory_list [[44, 58, 58, 57, 56, 55, 54], [44, 25, 44, 23, 22, 45, 45], [44, 23, 22, 45], [44, 23, 23, 22, 23, 22, 23]]
target_list [30, 54, 37, 54, 38, 54]
trajectory_list [[44, 58, 44, 23, 44, 23, 22, 23, 22, 23, 44, 23, 22, 23], [44, 25, 44, 23, 22, 45, 46, 47], [44, 23, 22, 45], [44, 23, 23, 22, 23, 22, 23, 22, 23, 22, 23, 22, 23, 22, 23, 22, 23, 22, 23, 22, 23, 22, 23, 22, 23, 22, 23, 22, 23, 22, 23, 22, 23, 22, 23]]
target_list [28, 28, 28, 28, 28, 28, 54, 39, 54, 27, 27, 54, 39, 54, 38, 38, 38, 54, 28, 54, 53, 53, 50, 53, 26, 53, 26, 53, 53, 58, 44, 43, 44, 23]
trajectory_list [[44, 58, 58, 57, 56, 55, 54], [44, 25, 44, 23, 22, 45, 46], [44, 23, 22, 45], [44, 23, 44, 23, 22, 23, 22]]
target_list [39, 54, 28, 28, 28, 54]
progress:  80%|███████████████████████████████████████████████████████████████████████████████████████████████████████▏                         | 8/10 [00:00<00:00, 15.80it/s]trajectory_list [[44, 43, 43, 44, 23, 22, 23, 22, 23, 22, 23, 22, 23, 22], [44, 25, 44, 23], [44, 23, 22, 45, 46, 47, 48, 59], [44, 23, 23, 22, 23, 22, 23, 22, 23, 23, 22, 22, 23, 22, 23, 22, 23, 22, 23, 22, 23, 22, 23, 22, 23, 22, 23, 22, 23, 22, 23, 22, 23, 22, 45, 46, 11, 46, 45, 46, 11, 46, 11, 46, 11, 46, 11, 46, 11, 11, 46, 47, 12, 47, 12, 47, 12, 47, 12, 47, 12, 47, 12, 47, 12, 47, 12, 47, 12, 47, 12, 47, 12, 47, 12, 47, 12, 47, 12, 47, 12, 47, 12, 47, 12, 47, 12, 12, 47, 12, 47, 12, 47, 12, 47, 12, 47, 12, 47, 12, 47, 12, 47, 12, 47, 12, 47, 12, 47, 12, 47, 13, 47, 12, 47, 14, 47, 12, 47, 12, 47]]
target_list [30, 30, 30, 30, 54, 37, 37, 54, 27, 54, 27, 54, 30, 54, 30, 30, 54, 28, 28, 54, 40, 40, 40, 40, 54, 39, 39, 39, 39, 39, 39, 39, 54, 38, 54, 29, 54, 28, 28, 54, 40, 40, 54, 37, 54, 38, 54, 28, 54, 37, 37, 37, 37, 54, 28, 28, 28, 28, 28, 54, 27, 27, 27, 27, 27, 27, 27, 27, 27, 54, 30, 30, 54, 29, 54, 28, 54, 40, 40, 40, 40, 54, 30, 54, 54, 38, 54, 39, 39, 39, 39, 54, 27, 54, 39, 54, 37, 54, 39, 39, 39, 54, 54, 29, 29, 54, 29, 54, 40, 40, 40, 40, 40, 40, 54, 30, 30, 54, 28, 28]
trajectory_list [[44, 58, 58, 57, 56, 55, 54], [44, 25, 44, 58, 5, 58, 5], [44, 23, 22, 45], [44, 23, 23, 22, 23, 22, 22]]
target_list [53, 50, 53, 54, 27, 54]
progress: 100%|████████████████████████████████████████████████████████████████████████████████████████████████████████████████████████████████| 10/10 [00:00<00:00, 12.97it/s]
[120, 120, 120, 10, 6, 34, 6, 120, 6, 120] 66.2
progress:   0%|                                                                                                                                         | 0/10 [00:00<?, ?it/s]trajectory_list [[44, 58, 58, 53, 26, 25, 26, 25], [44, 25, 44, 23, 22, 45, 46, 47, 48, 59, 20, 20, 59, 20, 59, 20, 59, 20, 59, 20, 59, 20, 59, 20, 59, 20, 59, 20, 59, 20, 59, 20, 59, 20, 59, 20, 59, 60, 49, 60, 49, 60, 49, 60, 49, 50, 51, 51, 51, 51, 50, 25, 50, 51, 51, 51, 51, 50, 49, 60, 17, 60, 49, 49, 60, 17, 60, 49, 60, 49, 60, 49, 60, 17, 60, 49, 60, 49, 60, 49, 60, 49, 60, 17, 60, 49, 60, 49, 60, 49, 60, 49, 60, 49, 50, 25, 50, 51, 51, 51, 50, 25, 50, 51, 51, 51, 51, 50, 25, 50, 25, 50, 51, 51, 50, 25, 50, 51, 51, 50, 25], [44, 23, 22, 45, 46, 45, 46, 47, 48, 59, 20, 59, 19, 59], [44, 23, 23, 22]]
target_list [54, 37, 54, 54, 54, 55, 31, 31, 55, 32, 32, 32, 32, 32, 55, 32, 32, 55, 33, 55, 55, 54, 28, 54, 37, 37, 54, 55, 31, 31, 55, 33, 33, 55, 55, 32, 32, 32, 32, 32, 32, 32, 32, 55, 32, 55, 56, 35, 56, 4, 56, 2, 2, 56, 36, 56, 57, 58, 44, 45, 24, 24, 45, 24, 45, 9, 9, 9, 9, 9, 45, 45, 22, 45, 9, 45, 22, 22, 22, 45, 24, 24, 24, 45, 8, 8, 45, 22, 45, 9, 45, 22, 45, 22, 23, 22, 22, 22, 22, 22, 23, 44, 49, 44, 44, 58, 58, 53, 54, 30, 30, 54, 28, 54, 37, 37, 54, 40, 40, 54]
progress:  10%|████████████▉                                                                                                                    | 1/10 [00:00<00:01,  8.05it/s]trajectory_list [[44, 58, 58, 57], [44, 25, 50, 49, 44, 23, 22, 45], [44, 23, 22, 45, 46, 47, 48, 59, 20, 59, 20, 59, 16, 59, 16, 59, 16, 59, 16, 59, 48, 15, 48, 48, 15, 15, 15, 15, 15, 15, 15, 15, 15, 15, 15, 15, 15, 15, 15, 15, 15, 15, 15, 15, 15, 15, 15, 15, 15, 15, 15, 15, 15, 15, 15, 15, 15, 15, 15, 15, 15, 15, 15, 15, 15, 15, 15, 15, 15, 15, 15, 15, 15, 15, 15, 15, 15, 15, 15, 15, 15, 15, 15, 15, 15, 15, 15, 15, 15, 15, 15, 15, 15, 15, 15, 15, 15, 15, 15, 15, 15, 15, 15, 15, 48, 47, 13, 13, 13, 13, 13, 13, 13, 13, 13, 13, 13, 13, 13, 13, 13], [44, 23, 23, 22, 23, 22, 23, 22, 23, 22, 23, 22, 23, 22]]
target_list [55, 31, 55, 32, 55, 54, 38, 54, 27, 54, 30, 30, 54, 40, 40, 40, 40, 40, 40, 54, 53, 54, 39, 54, 54, 29, 29, 29, 29, 54, 53, 53, 53, 26, 26, 53, 50, 53, 50, 53, 50, 49, 49, 49, 50, 51, 52, 51, 51, 51, 51, 52, 52, 51, 50, 50, 51, 50, 51, 50, 53, 58, 42, 58, 6, 58, 57, 57, 57, 56, 1, 56, 1, 56, 2, 56, 56, 57, 58, 7, 58, 6, 58, 53, 54, 29, 54, 54, 39, 39, 54, 40, 54, 39, 39, 54, 28, 54, 40, 40, 54, 40, 54, 29, 29, 54, 38, 38, 38, 38, 38, 38, 38, 54, 27, 27, 27, 27, 54, 39]
progress:  20%|█████████████████████████▊                                                                                                       | 2/10 [00:00<00:01,  7.91it/s]trajectory_list [[44, 58, 58, 44, 23, 22, 23, 22, 22, 23, 22, 23, 22, 23], [44, 25, 44, 23], [44, 23, 22, 45, 46, 47, 48, 59], [44, 23, 23, 22, 23, 22, 23, 22, 23, 22, 23, 22, 23, 22, 23, 22, 23, 22, 23, 22, 23, 22, 23, 22, 23, 22, 23, 22, 23, 22, 23, 22, 23, 22, 23, 22, 23, 22, 23, 22, 22, 23, 22, 23, 22, 23, 22, 23, 22, 23, 22, 23, 44, 23, 44, 23, 22, 23, 22, 23, 22, 23, 22, 23, 22, 23, 22, 23, 22, 23, 22, 23, 22, 23, 23, 22, 23, 22, 23, 22, 23, 22, 45, 46, 11, 46, 11, 46, 11, 46, 11, 46, 11, 46, 11, 46, 11, 46, 11, 46, 11, 46, 11, 46, 11, 46, 11, 46, 11, 46, 11, 46, 11, 46, 11, 46, 11, 46, 11, 46, 11]]
target_list [30, 54, 28, 54, 39, 54, 37, 37, 37, 37, 37, 54, 54, 53, 54, 54, 54, 55, 33, 33, 55, 54, 37, 54, 55, 56, 3, 3, 3, 56, 34, 56, 55, 33, 55, 32, 32, 55, 54, 39, 39, 39, 39, 54, 55, 33, 33, 33, 55, 32, 32, 55, 33, 33, 55, 31, 31, 55, 55, 33, 55, 32, 32, 55, 56, 35, 35, 56, 2, 56, 4, 56, 57, 57, 56, 35, 35, 35, 35, 35, 56, 35, 35, 56, 1, 56, 35, 35, 35, 35, 56, 57, 57, 57, 57, 57, 58, 6, 6, 58, 44, 23, 22, 22, 22, 22, 22, 23, 22, 45, 45, 24, 45, 10, 45, 44, 25, 50, 51, 51]
trajectory_list [[44, 58, 58, 53, 26, 25, 26, 25, 26, 53, 26, 25, 25, 26], [44, 25, 44, 23, 22, 45, 46, 47], [44, 23, 22, 45, 46, 47, 48, 59, 20, 59, 59, 16, 59, 16, 59, 16, 59, 19, 59, 16, 59, 16, 59, 16, 16, 59, 16, 59, 16, 59, 16, 59, 59, 48, 15, 15, 15, 15, 15, 15, 15, 15, 15, 15, 15, 15, 15, 15, 48, 47], [44, 23, 23, 22]]
target_list [39, 39, 39, 54, 40, 54, 53, 58, 44, 45, 10, 10, 45, 10, 10, 10, 10, 45, 22, 22, 23, 22, 45, 44, 45, 46, 47, 48, 47, 46, 46, 11, 11, 46, 47, 14, 47, 21, 21, 47, 47, 14, 14, 47, 13, 13, 13, 13, 47]
progress:  40%|███████████████████████████████████████████████████▌                                                                             | 4/10 [00:00<00:00, 10.06it/s]trajectory_list [[44, 58, 58, 57, 56, 56, 55, 54, 27, 54, 27, 54, 27, 54, 27, 54, 27, 54, 27, 54, 27, 27, 27, 54, 27, 54, 27, 54, 27, 54, 27, 54, 27, 54, 27, 54, 27, 27, 54, 40, 54, 27, 54, 38, 54, 27, 54, 27, 54, 37, 54, 27, 54, 27, 54, 27, 54, 27, 54, 27, 54, 27, 54, 27, 54, 27, 54, 27, 54, 27, 54, 27, 54, 39, 54, 27, 54, 27, 54, 27, 54, 27, 54, 27, 54, 27, 54, 27, 54, 27, 54, 27, 54, 27, 54, 27, 54, 27, 54, 27, 54, 27, 54, 27, 54, 27, 54, 27, 54, 27, 54, 39, 54, 27, 27, 54, 27, 54, 27, 54, 27], [44, 25, 44, 23, 22, 45, 46, 47], [44, 23, 22, 45], [44, 23, 23, 22, 23, 44, 23, 22, 23, 22, 23, 22, 23, 22]]
target_list [37, 37, 54, 54, 53, 53, 50, 50, 53, 26, 26, 26, 53, 58, 41, 58, 5, 5, 58, 7, 7, 7, 7, 58, 42, 58, 6, 6, 58, 58, 58, 41, 41, 41, 41, 58, 41, 58, 57, 57, 56, 34, 56, 35, 56, 35, 35, 56, 35, 35, 35, 35, 56, 4, 56, 55, 32, 32, 55, 33, 33, 33, 33, 33, 33, 33, 33, 33, 33, 55, 33, 33, 33, 33, 55, 31, 31, 55, 33, 55, 56, 1, 56, 34, 56, 35, 56, 4, 4, 4, 56, 34, 56, 2, 2, 2, 56, 34, 34, 34, 56, 2, 56, 36, 36, 36, 36, 56, 2, 56, 34, 56, 55, 31, 31, 31, 31, 31, 55, 33]
progress:  50%|████████████████████████████████████████████████████████████████▌                                                                | 5/10 [00:00<00:00,  9.26it/s]trajectory_list [[44, 49, 49, 44, 23, 22, 23, 22, 23, 22, 23, 22, 23, 22], [44, 45, 9, 9, 45, 46, 11, 11, 11, 11, 11, 11, 11, 11, 11, 11, 11, 11, 11, 11, 11, 11, 11, 11, 46, 47, 14, 47, 14, 47, 14, 47, 14, 47, 14, 47, 14, 47, 14, 14, 47, 14, 47, 14, 47, 14, 47, 14, 47, 14, 47, 14, 47, 14, 47, 14, 14, 47, 14, 47, 14, 47, 14, 47, 14, 47, 14, 47, 14, 47, 14, 47, 14, 47, 14, 47, 14, 47, 14, 47, 14, 47, 14, 47, 14, 47, 14, 47, 12, 47, 14, 47, 14, 47, 14, 47, 12, 47, 14, 47, 14, 47, 14, 47, 12, 47, 14, 14, 47, 14, 47, 12, 47, 14, 47, 14, 47, 12, 12, 47, 14], [44, 23, 22, 45, 46, 47, 48, 59], [44, 23, 23, 22]]
target_list [39, 39, 39, 39, 39, 39, 39, 39, 54, 27, 27, 54, 55, 55, 55, 31, 31, 31, 55, 33, 33, 55, 55, 31, 55, 55, 32, 32, 55, 32, 55, 32, 32, 55, 54, 27, 54, 53, 53, 50, 25, 50, 53, 53, 53, 26, 26, 53, 50, 25, 44, 25, 26, 53, 58, 53, 58, 44, 25, 25, 44, 58, 57, 57, 57, 58, 44, 23, 44, 49, 44, 49, 49, 44, 44, 43, 44, 44, 58, 53, 53, 58, 57, 56, 3, 56, 3, 56, 1, 1, 1, 56, 34, 56, 57, 58, 42, 58, 6, 6, 6, 58, 5, 5, 5, 5, 58, 5, 58, 7, 7, 7, 7, 58, 53, 50, 51, 52, 51, 50]
trajectory_list [[44, 58, 58, 57, 56, 55], [44, 25, 44, 23, 22, 45], [44, 23, 22, 45, 46, 47], [44, 23, 23, 22]]
target_list [54, 55, 55, 33, 55]
progress:  70%|██████████████████████████████████████████████████████████████████████████████████████████▎                                      | 7/10 [00:00<00:00, 11.56it/s]trajectory_list [[44, 58, 58, 57, 56, 55, 54, 27], [44, 44, 25, 25, 44, 49, 44, 23, 22, 45, 46, 47, 48, 59, 20, 20, 20, 20, 20, 59, 20, 59, 20, 59, 20, 59, 20, 59, 20, 59, 20, 59, 20, 59, 20, 20, 20, 59, 20, 59, 20, 59, 20, 20, 59, 20, 59, 20, 59, 20, 59, 19, 19, 59, 20, 59, 20, 59, 20, 20, 59, 20, 59, 20, 20, 59, 20, 59, 20, 59, 20, 59, 20, 59, 20, 59, 20, 59, 20, 59, 20, 59, 20, 59, 20, 59, 20, 59, 20, 59, 20, 59, 20, 59, 20, 59, 20, 20, 59, 20, 59, 20, 20, 59, 20, 20, 59, 20, 59, 20, 59, 60, 49, 44, 23, 23, 23, 23, 23, 23, 23], [44, 23, 22, 45, 46, 46, 47, 48, 59, 20, 59, 16, 59, 16], [44, 23, 23, 22]]
target_list [29, 29, 54, 53, 58, 5, 58, 42, 42, 58, 42, 58, 57, 56, 56, 57, 58, 41, 58, 6, 58, 42, 42, 42, 58, 58, 6, 58, 53, 50, 51, 52, 51, 52, 52, 51, 50, 53, 26, 53, 58, 42, 58, 44, 43, 44, 58, 58, 5, 5, 58, 57, 56, 55, 33, 33, 33, 55, 56, 3, 56, 56, 36, 36, 36, 36, 56, 36, 56, 2, 2, 2, 56, 3, 56, 3, 56, 36, 56, 35, 35, 35, 56, 35, 56, 4, 56, 55, 54, 39, 54, 30, 30, 54, 29, 54, 39, 39, 39, 54, 55, 56, 36, 56, 2, 56, 57, 57, 58, 6, 58, 5, 5, 5, 5, 5, 5, 5, 58, 7]
trajectory_list [[44, 25, 44, 23, 22, 23, 22, 23], [44, 25, 44, 23, 23, 22, 45, 46, 47, 48, 59, 20, 20, 20, 20, 59, 20, 59, 60, 49, 60, 49, 60, 49, 60, 49, 60, 49, 60, 17, 60, 59, 20, 20, 59, 20, 59, 20, 59, 20, 59, 20, 59, 48, 59, 20, 59, 20, 59, 20, 59, 20, 59, 20, 59, 20, 59, 20, 59, 20, 59, 20, 59, 20, 59, 20, 59, 20, 59, 20, 59, 20, 59, 20, 59, 20, 59, 20, 59, 20, 59, 20, 59, 20, 59, 20, 59, 20, 20, 59, 20, 59, 20, 59, 20, 59, 16, 59, 20, 59, 20, 59, 48, 59, 20, 59, 20, 59, 20, 59, 48, 59, 20, 59, 20, 59, 20, 59, 20, 59, 20], [44, 23, 22, 45], [44, 23, 23, 23, 23, 22, 23, 22, 23, 22, 23, 22, 23, 22]]
target_list [27, 54, 53, 53, 53, 54, 54, 40, 40, 40, 54, 28, 28, 54, 28, 54, 53, 26, 53, 58, 57, 56, 1, 1, 1, 56, 36, 36, 56, 55, 33, 33, 33, 33, 55, 31, 31, 55, 54, 40, 40, 54, 53, 53, 54, 53, 54, 55, 54, 27, 54, 27, 54, 30, 54, 28, 54, 30, 30, 54, 28, 54, 39, 39, 54, 29, 29, 54, 28, 28, 28, 28, 28, 28, 54, 29, 29, 29, 54, 37, 37, 37, 54, 37, 54, 55, 55, 56, 34, 34, 56, 3, 3, 3, 3, 56, 36, 56, 1, 56, 56, 55, 54, 39, 39, 39, 54, 39, 54, 39, 54, 37, 37, 37, 37, 54, 40, 40, 54, 38]
progress:  90%|████████████████████████████████████████████████████████████████████████████████████████████████████████████████████             | 9/10 [00:00<00:00,  9.81it/s]trajectory_list [[44, 58, 58, 7, 58, 57, 56, 55], [44, 25, 44, 23, 44, 23, 22, 45, 46, 47, 48, 59, 20, 20, 20, 20, 20, 59, 20, 59, 20, 59, 20, 59, 20, 59, 20, 59, 20, 59, 20, 59, 20, 59, 20, 59, 20, 59, 20, 59, 20, 59, 20, 59, 20, 59, 20, 59, 20, 59, 20, 59, 20, 59, 20, 59, 20, 59, 20, 59, 20, 59, 20, 59, 20, 59, 20, 59, 20, 59, 20, 59, 20, 59, 20, 59, 16, 59, 20, 59, 20, 59, 20, 59, 20, 59, 20, 59, 20, 59, 20, 59, 20, 59, 20, 59, 20, 59, 20, 59, 20, 59, 20, 59, 20, 59, 20, 59, 20, 59, 16, 59, 20, 59, 20, 59, 20, 59, 20, 59, 20], [44, 23, 22, 45], [44, 23, 23, 22, 23, 22, 23, 22, 23, 22, 23, 22, 23, 22]]
target_list [29, 29, 29, 54, 54, 53, 58, 58, 6, 6, 6, 6, 58, 6, 6, 58, 53, 50, 53, 54, 53, 54, 38, 54, 38, 54, 30, 30, 54, 39, 39, 39, 39, 39, 39, 54, 39, 39, 54, 30, 54, 38, 54, 54, 27, 54, 39, 39, 54, 28, 54, 54, 30, 30, 30, 30, 30, 54, 37, 54, 39, 54, 55, 32, 55, 56, 36, 36, 36, 56, 35, 56, 36, 56, 1, 1, 56, 3, 3, 3, 3, 3, 3, 56, 4, 4, 4, 56, 3, 3, 3, 3, 56, 36, 36, 36, 36, 56, 4, 4, 4, 56, 35, 56, 36, 36, 36, 36, 36, 56, 3, 3, 56, 1, 1, 1, 56, 2, 56, 4]
progress: 100%|████████████████████████████████████████████████████████████████████████████████████████████████████████████████████████████████| 10/10 [00:00<00:00, 10.74it/s]
[120, 120, 49, 120, 120, 5, 120, 120, 120, 6] 90.0
[66.2, 90.0] 78.1
