progress:   0%|                                                                                                                                         | 0/10 [00:00<?, ?it/s]trajectory_list [[44], [44], [44], [44]]
target_list []
/home/kevinkang/anaconda3/envs/Multiagent_Search/lib/python3.11/site-packages/torch/nn/modules/rnn.py:998: UserWarning: RNN module weights are not part of single contiguous chunk of memory. This means they need to be compacted at every call, possibly greatly increasing memory usage. To compact weights again call flatten_parameters(). (Triggered internally at /opt/conda/conda-bld/pytorch_1682343995622/work/aten/src/ATen/native/cudnn/RNN.cpp:982.)
  result = _VF.gru(input, hx, self._flat_weights, self.bias, self.num_layers,
progress:  10%|████████████▉                                                                                                                    | 1/10 [00:00<00:01,  5.56it/s]trajectory_list [[44, 58, 58, 57, 56, 55, 54, 27, 54, 27, 54, 27, 54, 27], [44, 25, 44, 23, 22, 45, 46, 47], [44, 58, 5, 58], [44, 23, 23, 22, 23, 22, 23, 22, 23, 22, 23, 22, 23, 22, 22, 22, 23, 22, 23, 22, 23, 22, 23, 22, 23, 22, 45, 46, 11, 46, 11, 46, 11, 46, 11, 46, 11, 46, 11, 46, 11, 46, 11, 46, 11, 46, 11, 11, 46, 11, 46, 11, 46, 11, 46, 11, 46, 11, 46, 11, 46, 11, 46, 11, 46, 11, 46, 11, 46, 11, 46, 11, 46, 11, 46, 11, 46, 11, 11, 46, 11, 46, 11, 46, 47, 12, 47, 46, 11, 46, 47, 12, 47, 12, 47, 12, 47, 12, 47, 12, 47, 12, 47, 12, 47, 12, 47, 21, 21, 47, 12, 47, 12, 47, 12, 47, 12, 47, 12, 47, 12]]
target_list [14, 14, 14, 14, 14, 14, 14, 14, 47, 46, 46, 45, 45, 9, 9, 9, 9, 45, 44, 43, 43, 44, 44, 58, 57, 56, 34, 56, 57, 58, 58, 41, 41, 41, 58, 6, 58, 57, 57, 57, 58, 42, 42, 42, 42, 58, 41, 58, 53, 53, 58, 58, 7, 7, 7, 58, 57, 57, 56, 2, 56, 35, 35, 56, 35, 35, 35, 35, 56, 3, 56, 56, 35, 35, 35, 35, 35, 35, 35, 56, 36, 36, 56, 56, 1, 56, 35, 56, 57, 56, 2, 2, 2, 56, 56, 4, 56, 3, 3, 56, 1, 56, 2, 2, 2, 2, 2, 56, 36, 36, 36, 36, 36, 56, 35, 56, 34, 34, 56, 2]
trajectory_list [[44, 58, 58, 57, 56, 35, 56, 55, 55, 54], [44, 25, 44, 23, 22, 45, 46, 47, 48, 15], [44, 23, 22, 45], [44, 23, 23, 22, 22, 23, 22, 23]]
target_list [47, 13, 47, 48, 59, 48, 15, 15, 48]
trajectory_list [[44, 58, 58, 57, 56, 55, 54], [44, 25, 44, 23], [44, 23, 22, 45, 46, 47, 48], [44, 23, 23, 22, 23, 22, 23]]
target_list [47, 48, 48, 59, 48, 48]
trajectory_list [[44, 58, 58, 57], [44, 25, 44, 23, 44, 23, 22, 45, 46, 47, 48, 59], [44, 23, 22, 45, 46, 47, 48, 59], [44, 23, 23, 22, 23, 22, 23, 22, 23, 44, 23, 22]]
target_list [47, 48, 59, 19, 19, 59, 19, 59, 19, 59, 48]
trajectory_list [[44, 58, 58, 6, 58, 57, 56], [44, 23, 44, 23], [44, 23, 22, 45, 46, 47, 48], [44, 23, 23, 22, 45, 46, 11]]
target_list [46, 47, 46, 11, 11, 46]
trajectory_list [[44, 58, 58, 57, 56, 55, 54, 27, 54, 54, 27, 54], [44, 25, 44, 25, 44, 23, 44, 23, 22, 45, 46, 47], [44, 23, 22, 23, 22, 45, 46, 47], [44, 23, 23, 22]]
target_list [14, 14, 47, 46, 47, 14, 14, 14, 14, 47, 47]
progress:  70%|██████████████████████████████████████████████████████████████████████████████████████████▎                                      | 7/10 [00:00<00:00, 23.10it/s]trajectory_list [[44, 58, 58, 57], [44, 25, 44, 44, 23, 22, 45, 24, 24, 24, 24, 24, 24, 24, 45, 10, 10, 10, 10, 10, 10, 10, 10, 10, 10, 10, 10, 10, 10, 10, 10, 10, 10, 10, 10, 10, 10, 10, 10, 10, 10, 10, 10, 10, 10, 10, 10, 10, 10, 10, 10, 10, 10, 10, 10, 10, 10, 10, 10, 10, 10, 10, 10, 10, 10, 10, 10, 10, 10, 10, 10, 45, 10, 10, 10, 10, 10, 10, 10, 10, 10, 10, 10, 10, 45], [44, 23, 22, 23, 22, 45, 46, 47, 48, 59, 20, 59, 16, 59], [44, 23, 23, 22, 23, 22, 23, 22]]
target_list [48, 48, 47, 14, 47, 21, 21, 21, 21, 47, 21, 21, 47, 21, 47, 13, 47, 21, 21, 21, 47, 14, 14, 47, 21, 47, 14, 47, 12, 12, 47, 13, 47, 14, 14, 47, 21, 21, 21, 47, 47, 12, 12, 12, 47, 21, 21, 21, 47, 12, 12, 12, 47, 13, 13, 13, 13, 13, 13, 47, 21, 47, 21, 21, 47, 12, 47, 46, 46, 47, 46, 47, 47, 21, 21, 21, 21, 21, 21, 47, 46, 45, 24, 45]
trajectory_list [[44, 58, 58, 57], [44, 25, 44, 23, 22, 45, 44, 44], [44, 23, 22, 45, 46, 11, 46, 47, 48, 59], [44, 23, 23, 23, 23, 22, 23, 22, 23, 22]]
target_list [47, 12, 47, 47, 46, 45, 46, 45, 22]
trajectory_list [[44, 58, 58, 57], [44, 25, 44, 23, 22, 45, 46, 47], [44, 23, 22, 45, 46, 47, 48, 59], [44, 23, 23, 22, 23, 22, 23, 22]]
target_list [13, 13, 13, 47, 21, 21, 47]
progress: 100%|████████████████████████████████████████████████████████████████████████████████████████████████████████████████████████████████| 10/10 [00:00<00:00, 25.61it/s]
[120, 9, 6, 11, 6, 11, 84, 9, 7, 8] 27.1
progress:   0%|                                                                                                                                         | 0/10 [00:00<?, ?it/s]trajectory_list [[44, 58, 58, 57], [44, 25, 44, 23, 22, 45, 46, 47], [44, 23, 22, 45, 9, 9, 45, 46, 47], [44, 23, 23, 22, 23, 22, 23, 22, 23]]
target_list [47, 48, 15, 15, 15, 15, 48, 47]
trajectory_list [[44, 58, 58, 57, 56, 1, 56, 1, 56, 55, 54, 54, 27, 54], [44, 25, 44, 23, 22, 45, 46, 47, 48, 59, 20, 59, 48, 59, 20, 20, 20, 20, 20, 20, 20, 59, 20, 20, 59, 20, 59, 20, 59, 20, 59, 20, 59, 48, 59, 19, 59, 20, 59, 20, 59, 20, 59, 20, 59, 20, 59, 20, 59, 20, 59, 20, 59, 20, 59, 20, 59, 20, 59, 20, 59, 20, 59, 59, 60, 49, 60, 49, 44], [44, 23, 22, 45, 46, 47, 48, 59], [44, 23, 23, 22]]
target_list [13, 47, 21, 47, 21, 47, 12, 12, 47, 47, 47, 14, 47, 14, 47, 13, 13, 13, 13, 13, 13, 47, 46, 46, 11, 11, 11, 46, 47, 46, 11, 11, 11, 46, 11, 11, 11, 46, 11, 46, 45, 10, 10, 10, 45, 8, 8, 45, 46, 46, 46, 45, 24, 45, 46, 11, 46, 46, 45, 22, 45, 9, 45, 44, 58, 44, 43, 44]
trajectory_list [[44, 58, 58, 44], [44, 25, 44, 23], [44, 23, 22, 45], [44, 23, 23, 22]]
target_list [46, 45, 22]
trajectory_list [[44, 58, 58, 57], [44, 25, 44, 23, 22], [44, 23, 22, 45, 46], [44, 23, 23, 22, 23]]
target_list [12, 47, 46, 45]
progress:  40%|███████████████████████████████████████████████████▌                                                                             | 4/10 [00:00<00:00, 17.87it/s]trajectory_list [[44, 58, 58, 57, 56, 55, 54, 27, 54, 27, 54, 27, 54, 27, 54, 27, 54, 27, 54, 30, 54, 27, 54, 27, 54, 27, 54, 27, 54, 27, 54, 27, 54, 27, 27, 54, 27, 54, 27, 54, 28, 54, 27, 54, 27, 54, 27, 54, 55, 31, 55, 56, 1, 56, 1, 56, 1, 56, 1, 56, 1, 56, 1, 56, 1, 56, 1, 56, 1, 56, 1, 56, 1, 56, 1, 56, 1, 56, 1, 56, 1, 56, 1, 56, 1, 56, 1, 56, 1, 56, 1, 56, 1, 56, 1, 56, 1, 56, 1, 56, 1, 56, 1, 56, 1, 56, 1, 56, 1, 56, 55, 31, 31, 55, 31, 55, 31, 55, 31, 31, 55], [44, 43, 43, 43, 43, 43, 43, 43], [44, 23, 23, 22], [44, 23, 23, 22, 23, 22, 23, 22, 23, 22, 23, 22, 23, 22]]
target_list [14, 47, 14, 14, 14, 14, 47, 13, 13, 47, 21, 47, 48, 59, 16, 16, 16, 16, 16, 16, 16, 59, 19, 59, 19, 19, 19, 19, 59, 20, 20, 59, 19, 59, 16, 16, 16, 59, 59, 16, 16, 59, 59, 20, 20, 20, 59, 19, 59, 48, 48, 47, 14, 14, 47, 12, 47, 13, 47, 47, 46, 11, 46, 47, 48, 47, 14, 47, 14, 14, 47, 12, 47, 13, 13, 47, 47, 14, 14, 47, 13, 47, 21, 47, 48, 48, 48, 47, 21, 47, 12, 12, 47, 48, 15, 15, 48, 47, 48, 15, 15, 48, 15, 15, 48, 47, 12, 12, 12, 47, 48, 15, 15, 48, 59, 16, 59, 20, 20, 20]
trajectory_list [[44, 58, 58, 57, 56, 55, 54, 27], [44, 25, 44, 23], [44, 23, 22, 45, 46, 47, 48, 59, 20, 59, 20, 59, 16, 59], [44, 23, 23, 22, 23, 44, 23, 22, 23, 22, 23, 22, 23, 22, 23, 23, 22, 45, 46, 11, 46, 11, 46, 11, 46, 11, 46, 11, 46, 11, 11, 46, 11, 46]]
target_list [47, 14, 14, 47, 14, 47, 47, 14, 14, 14, 14, 47, 48, 15, 15, 15, 15, 48, 47, 13, 13, 13, 47, 21, 21, 21, 47, 12, 12, 47, 48, 47, 46]
trajectory_list [[44, 58, 58, 57, 56, 55, 54, 27], [44, 25, 44, 23], [44, 23, 22, 45, 46, 47, 48, 59, 20, 59, 20, 59, 60], [44, 23, 23, 22, 45, 46, 11, 46, 11, 11, 46, 11, 11]]
target_list [13, 13, 13, 13, 13, 47, 12, 12, 47, 47, 46, 11]
progress:  70%|██████████████████████████████████████████████████████████████████████████████████████████▎                                      | 7/10 [00:00<00:00, 17.19it/s]trajectory_list [[44, 58, 58, 57, 56, 55, 54, 27, 54, 27, 27, 54, 40, 54, 27, 54, 27, 54, 28, 54, 27, 54, 27, 54, 27, 54, 27, 54, 27, 54, 27, 54, 27, 54, 27, 54, 27, 54, 27, 54, 27, 54, 27, 54, 27, 54, 27, 54, 27, 54, 28, 54, 27, 54, 29, 54, 27, 27, 54, 27, 54, 27, 54, 27, 54, 39, 54, 27, 54, 27, 54, 27, 54, 39, 54, 27, 54, 27, 54, 27, 54, 27, 54, 27, 54, 27, 54, 27, 54, 27, 54, 27, 54, 27, 54, 27, 54, 27, 54, 27, 54, 27, 54, 27, 27, 54, 27, 54, 53, 26, 25, 26, 25, 26, 25, 26, 26, 25, 26, 25, 26], [44, 25, 44, 23, 22, 23, 44, 45], [44, 23, 22, 45, 46, 47, 48, 59, 20, 59, 20, 59, 16, 59], [44, 23, 23, 22]]
target_list [48, 15, 15, 15, 15, 15, 15, 15, 15, 15, 48, 59, 60, 49, 60, 59, 20, 59, 60, 60, 17, 60, 59, 20, 20, 59, 60, 17, 60, 17, 17, 60, 18, 60, 59, 59, 19, 19, 19, 59, 59, 20, 20, 20, 20, 20, 20, 20, 20, 59, 16, 59, 60, 49, 49, 44, 43, 43, 43, 44, 45, 24, 45, 24, 45, 24, 45, 45, 44, 44, 44, 45, 46, 47, 14, 14, 47, 13, 47, 14, 14, 47, 47, 46, 46, 45, 24, 45, 46, 46, 11, 46, 47, 47, 47, 12, 47, 21, 21, 47, 14, 14, 47, 47, 13, 13, 13, 47, 14, 14, 14, 14, 14, 14, 14, 47, 46, 11, 11, 11]
trajectory_list [[44, 58, 58, 57, 56, 55, 54, 27, 54, 27, 54, 27, 54, 39], [44, 25, 44, 23, 22, 45, 46, 47, 48, 59, 20, 59, 20, 20, 59, 20, 59, 20, 59, 20, 59, 20, 59, 20, 20, 59, 20, 59, 20, 59, 20, 59, 20, 59, 20, 59], [44, 23, 22, 45, 46, 47, 48, 59], [44, 23, 23, 22]]
target_list [12, 47, 21, 21, 21, 47, 13, 13, 47, 12, 12, 47, 46, 11, 11, 46, 46, 46, 11, 11, 46, 11, 11, 46, 46, 11, 46, 47, 48, 48, 15, 48, 47, 48, 59]
progress:  90%|████████████████████████████████████████████████████████████████████████████████████████████████████████████████████             | 9/10 [00:00<00:00, 16.60it/s]trajectory_list [[44, 25, 44, 23, 22, 23, 22, 23, 22, 23, 22, 23, 22, 23, 22, 23, 23, 22, 23, 22, 23, 22, 23, 22, 23, 44, 43, 44, 23, 22, 23, 22, 23, 22, 23, 22, 23, 22, 23, 22, 23, 22, 23, 22, 23, 22, 23, 22, 23, 22, 23, 22, 23, 22, 23, 22, 23, 22, 23, 22, 23, 22, 23, 22, 23, 22, 23, 22, 23, 22, 23, 22, 23, 22, 23, 22, 23, 22, 23, 22, 23, 44, 23, 22, 23, 22, 23, 22, 23, 22, 23, 22, 23, 22, 23], [44, 25, 44, 23, 22, 45, 46, 47], [44, 23, 22, 45], [44, 23, 23, 22, 22, 23, 22, 23, 22, 23, 22, 23, 22, 23]]
target_list [12, 12, 47, 47, 21, 47, 21, 21, 47, 48, 59, 20, 59, 20, 20, 59, 48, 47, 47, 13, 47, 13, 13, 47, 21, 21, 47, 12, 47, 13, 47, 14, 47, 13, 47, 48, 15, 15, 15, 15, 15, 48, 15, 15, 48, 47, 12, 47, 14, 14, 14, 14, 47, 12, 47, 48, 15, 48, 15, 48, 47, 48, 59, 20, 59, 60, 49, 49, 60, 59, 60, 49, 44, 25, 25, 44, 43, 44, 44, 49, 60, 49, 60, 49, 44, 43, 44, 43, 43, 43, 44, 43, 44, 23]
progress: 100%|████████████████████████████████████████████████████████████████████████████████████████████████████████████████████████████████| 10/10 [00:00<00:00, 18.45it/s]
[68, 3, 4, 120, 33, 12, 120, 35, 94, 4] 49.3
[27.1, 49.3] 38.2
